# BabyIAXO ray tracing
# Please add here some information about the origin of this data
1.000000e-04 1.984175e-12
1.209060e-03 1.993893e-12
2.318130e-03 1.994946e-12
3.427190e-03 1.991921e-12
4.536260e-03 2.002414e-12
5.645320e-03 1.991364e-12
6.754380e-03 2.008300e-12
7.863450e-03 2.008992e-12
8.972510e-03 2.020725e-12
1.008160e-02 2.044544e-12
1.119060e-02 2.076052e-12
1.229970e-02 2.101590e-12
1.340880e-02 2.144549e-12
1.451780e-02 2.199848e-12
1.562690e-02 2.269956e-12
1.673600e-02 2.346789e-12
1.784500e-02 2.444647e-12
1.895410e-02 2.566685e-12
2.006310e-02 2.714279e-12
2.117220e-02 2.840044e-12
2.148000e-02 2.885855e-12
2.228130e-02 3.027509e-12
2.339030e-02 3.244965e-12
2.449940e-02 3.452318e-12
2.560850e-02 3.701392e-12
2.671750e-02 3.975148e-12
2.782660e-02 4.281250e-12
2.893570e-02 4.682222e-12
3.004470e-02 5.131481e-12
3.115380e-02 5.654158e-12
3.226290e-02 5.446063e-12
4.079010e-02 8.444235e-12
4.815340e-02 9.062119e-12
5.478280e-02 9.531789e-12
6.086830e-02 9.886668e-12
6.654730e-02 1.015160e-11
7.191020e-02 1.029786e-11
7.698560e-02 1.041076e-11
8.182730e-02 1.047907e-11
8.648140e-02 1.058168e-11
9.094910e-02 1.063701e-11
9.526850e-02 1.082987e-11
9.944690e-02 1.090637e-11
1.034930e-01 1.098754e-11
1.074180e-01 1.110563e-11
1.112330e-01 1.119629e-11
1.149510e-01 1.125127e-11
1.185680e-01 1.133120e-11
1.220980e-01 1.129996e-11
1.255570e-01 1.134874e-11
1.289430e-01 1.140298e-11
1.322520e-01 1.145356e-11
1.355010e-01 1.142563e-11
1.386890e-01 1.150274e-11
1.418140e-01 1.157921e-11
1.448740e-01 1.152701e-11
1.478880e-01 1.159470e-11
1.508540e-01 1.166610e-11
1.537710e-01 1.170432e-11
1.566390e-01 1.179156e-11
1.594560e-01 1.184255e-11
1.622410e-01 1.185428e-11
1.649750e-01 1.184242e-11
1.676750e-01 1.192200e-11
1.703420e-01 1.188154e-11
1.729550e-01 1.189428e-11
1.755340e-01 1.185985e-11
1.780780e-01 1.182573e-11
1.806060e-01 1.175521e-11
1.830990e-01 1.180017e-11
1.855560e-01 1.178652e-11
1.879770e-01 1.189416e-11
1.903810e-01 1.177353e-11
1.927480e-01 1.171614e-11
1.950980e-01 1.177587e-11
1.974120e-01 1.174483e-11
1.997070e-01 1.178694e-11
2.019850e-01 1.171444e-11
2.042260e-01 1.169337e-11
2.064480e-01 1.166812e-11
2.086530e-01 1.173584e-11
2.108390e-01 1.179949e-11
2.130070e-01 1.174014e-11
2.151570e-01 1.177459e-11
2.172680e-01 1.174943e-11
2.193610e-01 1.176554e-11
2.214350e-01 1.179474e-11
2.234910e-01 1.175819e-11
2.255280e-01 1.176091e-11
2.275650e-01 1.178177e-11
2.295840e-01 1.182540e-11
2.315840e-01 1.189786e-11
2.335640e-01 1.193017e-11
2.355260e-01 1.186992e-11
2.374680e-01 1.189853e-11
2.393920e-01 1.188070e-11
2.413160e-01 1.190752e-11
2.432210e-01 1.196975e-11
2.451060e-01 1.204213e-11
2.469720e-01 1.204031e-11
2.488390e-01 1.207323e-11
