0.0000001	1 
0.0000001	6.34827E-13	   
0.001	6.34827E-13	   
0.002	6.35226E-13	   
0.003	6.37037E-13	   
0.004	6.41971E-13	   
0.005	6.52044E-13	   
0.006	6.68891E-13	   
0.007	6.92459E-13	   
0.008	7.19646E-13	   
0.009	7.45106E-13	   
0.01	7.64354E-13	   
0.011	7.79336E-13	   
0.012	8.02009E-13	   
0.013	8.43918E-13	   
0.014	8.9551E-13	   
0.015	9.34018E-13	   
0.016	9.59005E-13	   
0.017	9.96178E-13	   
0.018	1.064E-12	   
0.019	1.13978E-12	   
0.02	1.19058E-12	   
0.022	1.17765E-12	   
0.023	1.15436E-12	   
0.024	1.15193E-12	   
0.025	1.16446E-12	   
0.026	1.2086E-12	   
0.027	1.23498E-12	   
0.028	1.22644E-12	   
0.029	1.21255E-12	   
0.03	1.21096E-12	   
0.031	1.21367E-12	   
0.032	1.20705E-12	   
0.033	1.17765E-12	   
0.034	1.13496E-12	   
0.035	1.149E-12	   
0.036	1.15495E-12	   
0.037	1.1527E-12	   
0.038	1.17871E-12	   
0.039	1.24234E-12	   
0.04	1.1644E-12	   
0.041	1.15424E-12	   
0.042	1.14882E-12	   
0.043	1.16658E-12	   
0.044	1.20095E-12	   
0.045	1.24097E-12	   
0.046	1.27023E-12	   
0.047	1.27884E-12	   
0.048	1.26469E-12	   
0.049	1.23541E-12	   
0.05	1.1989E-12	   
0.051	1.15918E-12	   
0.052	1.12729E-12	   
0.053	1.11398E-12	   
0.054	1.12519E-12	   
0.055	1.15813E-12	   
0.056	1.1954E-12	   
0.057	1.21463E-12	   
0.058	1.24149E-12	   
0.059	1.27884E-12	   
0.06	1.32717E-12	   
0.061	1.38258E-12	   
0.062	1.46379E-12	   
0.063	1.33243E-12	   
0.064	1.38093E-12	   
0.065	1.34636E-12	   
0.066	1.21646E-12	   
0.067	1.19214E-12	   
0.068	1.16773E-12	   
0.069	1.17949E-12	   
0.07	1.2257E-12	   
0.071	1.19289E-12	   
0.072	1.19652E-12	   
0.073	1.19503E-12	   
0.074	1.20736E-12	   
0.075	1.22727E-12	   
0.076	1.25117E-12	   
0.077	1.26541E-12	   
0.078	1.29472E-12	   
0.079	1.32106E-12	   
0.08	1.45466E-12	   
0.081	1.44014E-12	   
0.082	1.38738E-12	   
0.083	1.36376E-12	   
0.084	1.38052E-12	   
0.085	1.39481E-12	   
0.086	1.40907E-12	   
0.087	1.42455E-12	   
0.088	1.43954E-12	   
0.089	1.46205E-12	   
0.09	1.47932E-12	   
0.091	1.48823E-12	   
0.092	1.52779E-12	   
0.093	1.54907E-12	   
0.094	1.54435E-12	   
0.095	1.67211E-12	   
0.096	1.73207E-12	   
0.097	1.75189E-12	   
0.098	1.73958E-12	   
0.099	1.63925E-12	   
0.1	1.68282E-12	   
0.101	1.68995E-12	   
0.102	1.68503E-12	   
0.103	1.7241E-12	   
0.104	1.72495E-12	   
0.105	1.74172E-12	   
0.106	1.79613E-12	   
0.107	1.78931E-12	   
0.108	1.82193E-12	   
0.109	1.91945E-12	   
0.11	2.04676E-12	   
0.111	2.08054E-12	   
0.112	2.17079E-12	   
0.113	2.17998E-12	   
0.114	2.14147E-12	   
0.115	2.08905E-12	   
0.116	2.12468E-12	   
0.117	2.06551E-12	   
0.118	2.15366E-12	   
0.119	2.25166E-12	   
0.12	2.25458E-12	   
0.121	2.26693E-12	   
0.122	2.08231E-12	   
0.123	2.2648E-12	   
0.124	2.09255E-12	   
0.125	2.36823E-12	   
0.126	2.35106E-12	   
0.127	2.3861E-12	   
0.128	2.15903E-12	   
0.129	2.30327E-12	   
0.13	2.19637E-12	   
0.131	2.28103E-12	   
0.132	2.25573E-12	   
0.133	2.59811E-12	   
0.134	4.06574E-12	   
0.135	5.46476E-12	   
0.136	5.88693E-12	   
0.137	6.42767E-12	   
0.138	6.77033E-12	   
0.139	7.03927E-12	   
0.14	7.32783E-12	   
0.141	7.60094E-12	   
0.142	7.79289E-12	   
0.143	7.88264E-12	   
0.144	8.12663E-12	   
0.145	8.30919E-12	   
0.146	8.38161E-12	   
0.147	8.53009E-12	   
0.148	8.53429E-12	   
0.149	8.85122E-12	   
0.15	8.87902E-12	   
0.151	9.15099E-12	   
0.152	9.11332E-12	   
0.153	8.98924E-12	   
0.154	9.22637E-12	   
0.155	9.37002E-12	   
0.156	9.57299E-12	   
0.157	9.62856E-12	   
0.158	9.67002E-12	   
0.159	9.63939E-12	   
0.16	1.00157E-11	   
0.161	9.9471E-12	   
0.162	1.00026E-11	   
0.163	9.98473E-12	   
0.164	1.01746E-11	   
0.165	1.05077E-11	   
0.166	1.0576E-11	   
0.167	1.04461E-11	   
0.168	1.02757E-11	   
0.169	1.03484E-11	   
0.17	1.07804E-11	   
0.171	1.09318E-11	   
0.172	1.09398E-11	   
0.173	1.09181E-11	   
0.174	1.0994E-11	   
0.175	1.10175E-11	   
0.176	1.13467E-11	   
0.177	1.11574E-11	   
0.178	1.14034E-11	   
0.179	1.12673E-11	   
0.18	1.12892E-11	   
0.181	1.14761E-11	   
0.182	1.16861E-11	   
0.183	1.1865E-11	   
0.184	1.18453E-11	   
0.185	1.16288E-11	   
0.186	1.17104E-11	   
0.187	1.17326E-11	   
0.188	1.20727E-11	   
0.189	1.22191E-11	   
0.19	1.22629E-11	   
0.191	1.22959E-11	   
0.192	1.23127E-11	   
0.193	1.22346E-11	   
0.194	1.22125E-11	   
0.195	1.24755E-11	   
0.196	1.27882E-11	   
0.197	1.28088E-11	   
0.198	1.25152E-11	   
0.199	1.28965E-11	   
0.2	1.30387E-11	   
0.201	1.29104E-11	   
0.202	1.29456E-11	   
0.203	1.2801E-11	   
0.204	1.32634E-11	   
0.205	1.335E-11	   
0.206	1.3454E-11	   
0.207	1.34906E-11	   
0.208	1.28944E-11	   
0.209	1.32755E-11	   
0.21	1.36796E-11	   
0.211	1.39095E-11	   
0.212	1.44512E-11	   
0.213	1.37126E-11	   
0.214	1.3592E-11	   
0.215	1.37683E-11	   
0.216	1.38076E-11	   
0.217	1.42185E-11	   
0.218	1.41343E-11	   
0.219	1.4139E-11	   
0.22	1.40748E-11	   
0.221	1.44969E-11	   
0.222	1.42567E-11	   
0.223	1.44418E-11	   
0.224	1.41653E-11	   
0.225	1.4415E-11	   
0.226	1.4987E-11	   
0.227	1.5212E-11	   
0.228	1.54096E-11	   
0.229	1.48414E-11	   
0.23	1.49336E-11	   
0.231	1.47754E-11	   
0.232	1.48633E-11	   
0.233	1.52576E-11	   
0.234	1.50747E-11	   
0.235	1.5271E-11	   
0.236	1.54631E-11	   
0.237	1.51077E-11	   
0.238	1.53966E-11	   
0.239	1.49923E-11	   
0.24	1.53259E-11	   
0.241	1.60783E-11	   
0.242	1.64268E-11	   
0.243	1.66881E-11	   
0.244	1.61467E-11	   
0.245	1.58856E-11	   
0.246	1.62087E-11	   
0.247	1.59799E-11	   
0.248	1.6025E-11	   
0.249	1.60984E-11	   
0.25	1.5993E-11	   
0.251	1.64683E-11	   
0.252	1.65557E-11	   
0.253	1.65082E-11	   
0.254	1.68673E-11	   
0.255	1.65675E-11	   
0.256	1.70156E-11	   
0.257	1.73195E-11	   
0.258	1.65201E-11	   
0.259	1.69865E-11	   
0.26	1.70265E-11	   
0.261	1.74376E-11	   
0.262	1.74768E-11	   
0.263	1.67847E-11	   
0.264	1.71755E-11	   
0.265	1.71649E-11	   
0.266	1.75776E-11	   
0.267	1.80377E-11	   
0.268	1.71755E-11	   
0.269	1.78541E-11	   
0.27	1.77591E-11	   
0.271	1.76517E-11	   
0.272	1.83812E-11	   
0.273	1.75545E-11	   
0.274	1.78247E-11	   
0.275	1.79177E-11	   
0.276	1.78079E-11	   
0.277	1.86534E-11	   
0.278	1.80872E-11	   
0.279	1.8546E-11	   
0.28	1.80336E-11	   
0.281	1.80377E-11	   
0.282	1.88192E-11	   
0.283	1.83677E-11	   
0.284	1.79228E-11	   
0.285	1.85674E-11	   
0.286	1.86562E-11	   
0.287	2.01175E-11	   
0.288	1.94754E-11	   
0.289	1.84299E-11	   
0.29	1.81204E-11	   
0.291	1.84726E-11	   
0.292	1.97673E-11	   
0.293	2.01087E-11	   
0.294	1.96246E-11	   
0.295	1.96913E-11	   
0.296	1.87906E-11	   
0.297	1.9258E-11	   
0.298	2.00565E-11	   
0.299	1.99597E-11	   
0.3	2.05417E-11	   
0.4	2.65088E-11	   
0.5	3.30956E-11	   
0.6	3.93497E-11	   
0.7	4.4383E-11	   
0.8	5.14354E-11	   
0.9	5.83634E-11	   
1	6.50519E-11	   
1.1	7.35593E-11	   
2.1	1.43526E-10	   
3.1	2.05835E-10	   
4.1	2.65001E-10	   
5.1	3.40207E-10	   
6.1	4.13684E-10	   
7.1	4.74136E-10	   
8.1	5.52416E-10	   
9.1	6.0457E-10	 
9.1	1
