0	1 
0	2.92686E-13	   
0.001	2.92686E-13	   
0.002	2.92813E-13	   
0.003	2.93574E-13	   
0.004	2.95741E-13	   
0.005	3.0016E-13	   
0.006	3.07407E-13	   
0.007	3.1738E-13	   
0.008	3.29194E-13	   
0.009	3.42612E-13	   
0.01	3.57978E-13	   
0.011	3.75056E-13	   
0.012	3.93455E-13	   
0.013	4.12834E-13	   
0.014	4.32789E-13	   
0.015	4.5263E-13	   
0.016	4.70868E-13	   
0.017	4.87007E-13	   
0.018	5.01278E-13	   
0.019	5.12705E-13	   
0.02	5.21462E-13	   
0.021	5.28417E-13	   
0.022	5.33618E-13	   
0.023	5.371E-13	   
0.024	5.39034E-13	   
0.025	5.40912E-13	   
0.026	5.42307E-13	   
0.027	5.43267E-13	   
0.028	5.44221E-13	   
0.029	5.45381E-13	   
0.03	5.46639E-13	   
0.031	5.47922E-13	   
0.032	5.49299E-13	   
0.033	5.50768E-13	   
0.034	5.51988E-13	   
0.035	5.53302E-13	   
0.036	5.54606E-13	   
0.037	5.56331E-13	   
0.038	5.5957E-13	   
0.039	5.66794E-13	   
0.04	5.85343E-13	   
0.041	6.29266E-13	   
0.042	6.41842E-13	   
0.043	6.54125E-13	   
0.044	6.66523E-13	   
0.045	6.77827E-13	   
0.046	6.90534E-13	   
0.047	7.05767E-13	   
0.048	7.22496E-13	   
0.049	7.39154E-13	   
0.05	7.54914E-13	   
0.051	7.70044E-13	   
0.052	7.84567E-13	   
0.053	7.98905E-13	   
0.054	8.13442E-13	   
0.055	8.28801E-13	   
0.056	8.44447E-13	   
0.057	8.60342E-13	   
0.058	8.76181E-13	   
0.059	8.91718E-13	   
0.06	9.07458E-13	   
0.061	9.23345E-13	   
0.062	9.39221E-13	   
0.063	9.54016E-13	   
0.064	9.68154E-13	   
0.065	9.82849E-13	   
0.066	9.99292E-13	   
0.067	1.01678E-12	   
0.068	1.03267E-12	   
0.069	1.04643E-12	   
0.07	1.06128E-12	   
0.071	1.07872E-12	   
0.072	1.09487E-12	   
0.073	1.10921E-12	   
0.074	1.12596E-12	   
0.075	1.14205E-12	   
0.076	1.15631E-12	   
0.077	1.17396E-12	   
0.078	1.18891E-12	   
0.079	1.20367E-12	   
0.08	1.22113E-12	   
0.081	1.23584E-12	   
0.082	1.25339E-12	   
0.083	1.26738E-12	   
0.084	1.28523E-12	   
0.085	1.30005E-12	   
0.086	1.3171E-12	   
0.087	1.33151E-12	   
0.088	1.34829E-12	   
0.089	1.36447E-12	   
0.09	1.37941E-12	   
0.091	1.39655E-12	   
0.092	1.41218E-12	   
0.093	1.42843E-12	   
0.094	1.44547E-12	   
0.095	1.46077E-12	   
0.096	1.47684E-12	   
0.097	1.49295E-12	   
0.098	1.50919E-12	   
0.099	1.52493E-12	   
0.1	1.54098E-12	   
0.101	1.55704E-12	   
0.102	1.57429E-12	   
0.103	1.59144E-12	   
0.104	1.60709E-12	   
0.105	1.62324E-12	   
0.106	1.63908E-12	   
0.107	1.65536E-12	   
0.108	1.67109E-12	   
0.109	1.68746E-12	   
0.11	1.70387E-12	   
0.111	1.72068E-12	   
0.112	1.7373E-12	   
0.113	1.75371E-12	   
0.114	1.77125E-12	   
0.115	1.78753E-12	   
0.116	1.80287E-12	   
0.117	1.81928E-12	   
0.118	1.83644E-12	   
0.119	1.85221E-12	   
0.12	1.86893E-12	   
0.121	1.88586E-12	   
0.122	1.90235E-12	   
0.123	1.92007E-12	   
0.124	1.93631E-12	   
0.125	1.95332E-12	   
0.126	1.96933E-12	   
0.127	1.98477E-12	   
0.128	2.00186E-12	   
0.129	2.01852E-12	   
0.13	2.03495E-12	   
0.131	2.05217E-12	   
0.132	2.06946E-12	   
0.133	2.08713E-12	   
0.134	2.10405E-12	   
0.135	2.11919E-12	   
0.136	2.13701E-12	   
0.137	2.15264E-12	   
0.138	2.16866E-12	   
0.139	2.186E-12	   
0.14	2.20293E-12	   
0.141	2.22082E-12	   
0.142	2.23711E-12	   
0.143	2.25598E-12	   
0.144	2.2729E-12	   
0.145	2.28884E-12	   
0.146	2.30446E-12	   
0.147	2.32186E-12	   
0.148	2.33899E-12	   
0.149	2.35453E-12	   
0.15	2.3726E-12	   
0.151	2.38782E-12	   
0.152	2.39208E-12	   
0.153	2.42458E-12	   
0.154	2.44265E-12	   
0.155	2.46043E-12	   
0.156	2.47592E-12	   
0.157	2.49262E-12	   
0.158	2.5101E-12	   
0.159	2.52794E-12	   
0.16	2.544E-12	   
0.161	2.56254E-12	   
0.162	2.58102E-12	   
0.163	2.59944E-12	   
0.164	2.61455E-12	   
0.165	2.631E-12	   
0.166	2.64966E-12	   
0.167	2.66486E-12	   
0.168	2.68192E-12	   
0.169	2.69955E-12	   
0.17	2.71945E-12	   
0.171	2.73523E-12	   
0.172	2.75381E-12	   
0.173	2.7723E-12	   
0.174	2.78989E-12	   
0.175	2.80504E-12	   
0.176	2.82125E-12	   
0.177	2.83999E-12	   
0.178	2.85611E-12	   
0.179	2.87393E-12	   
0.18	2.89191E-12	   
0.181	2.91168E-12	   
0.182	2.92967E-12	   
0.183	2.94552E-12	   
0.184	2.96447E-12	   
0.185	2.98086E-12	   
0.186	2.99743E-12	   
0.187	3.01372E-12	   
0.188	3.03372E-12	   
0.189	3.05006E-12	   
0.19	3.06775E-12	   
0.191	3.08673E-12	   
0.192	3.10614E-12	   
0.193	3.12347E-12	   
0.194	3.13846E-12	   
0.195	3.15823E-12	   
0.196	3.17436E-12	   
0.197	3.19115E-12	   
0.198	3.20751E-12	   
0.199	3.22812E-12	   
0.2	3.24716E-12	   
0.201	3.26419E-12	   
0.202	3.28344E-12	   
0.203	3.30186E-12	   
0.204	3.31919E-12	   
0.205	3.33358E-12	   
0.206	3.35382E-12	   
0.207	3.37082E-12	   
0.208	3.38786E-12	   
0.209	3.40509E-12	   
0.21	3.42526E-12	   
0.211	3.4482E-12	   
0.212	3.46288E-12	   
0.213	3.48068E-12	   
0.214	3.49876E-12	   
0.215	3.51656E-12	   
0.216	3.53146E-12	   
0.217	3.55086E-12	   
0.218	3.56995E-12	   
0.219	3.58722E-12	   
0.22	3.60673E-12	   
0.221	3.62691E-12	   
0.222	3.64819E-12	   
0.223	3.65917E-12	   
0.224	3.68037E-12	   
0.225	3.69799E-12	   
0.226	3.71627E-12	   
0.227	3.7316E-12	   
0.228	3.74984E-12	   
0.229	3.77259E-12	   
0.23	3.78982E-12	   
0.231	3.81103E-12	   
0.232	3.82733E-12	   
0.233	3.84915E-12	   
0.234	3.86134E-12	   
0.235	3.8818E-12	   
0.236	3.8992E-12	   
0.237	3.91869E-12	   
0.238	3.93522E-12	   
0.239	3.95419E-12	   
0.24	3.98029E-12	   
0.241	3.99717E-12	   
0.242	4.01383E-12	   
0.243	4.03278E-12	   
0.244	4.05566E-12	   
0.245	4.07197E-12	   
0.246	4.09012E-12	   
0.247	4.11507E-12	   
0.248	4.14547E-12	   
0.249	4.21713E-12	   
0.25	6.47656E-12	   
0.251	7.40058E-12	   
0.252	7.53737E-12	   
0.253	7.63297E-12	   
0.254	7.74523E-12	   
0.255	7.84742E-12	   
0.256	7.84896E-12	   
0.257	7.83041E-12	   
0.258	7.97971E-12	   
0.259	8.07053E-12	   
0.26	8.13772E-12	   
0.261	8.13979E-12	   
0.262	8.23948E-12	   
0.263	8.20935E-12	   
0.264	8.21943E-12	   
0.265	8.26665E-12	   
0.266	8.29943E-12	   
0.267	8.31438E-12	   
0.268	8.2541E-12	   
0.269	8.49203E-12	   
0.27	8.62629E-12	   
0.271	8.53848E-12	   
0.272	8.50356E-12	   
0.273	8.51987E-12	   
0.274	8.64941E-12	   
0.275	8.61349E-12	   
0.276	8.64134E-12	   
0.277	8.6672E-12	   
0.278	8.73114E-12	   
0.279	8.69113E-12	   
0.28	8.93177E-12	   
0.281	8.95001E-12	   
0.282	8.84907E-12	   
0.283	8.92549E-12	   
0.284	8.86462E-12	   
0.285	9.05468E-12	   
0.286	8.86836E-12	   
0.287	8.97742E-12	   
0.288	9.08812E-12	   
0.289	9.20543E-12	   
0.29	9.24623E-12	   
0.291	9.27811E-12	   
0.292	9.25047E-12	   
0.293	9.12658E-12	   
0.294	9.2349E-12	   
0.295	9.22827E-12	   
0.296	9.42568E-12	   
0.297	9.22305E-12	   
0.298	9.39078E-12	   
0.299	9.62104E-12	   
0.3	9.73205E-12	   
0.4	1.28979E-11	   
0.5	1.5955E-11	   
0.6	1.90708E-11	   
0.7	2.2248E-11	   
0.8	2.58843E-11	   
0.9	2.86735E-11	   
1	3.16906E-11	   
2	6.31821E-11	   
3	9.60484E-11	   
4	1.27704E-10	   
5	1.61379E-10	   
6	1.8867E-10	   
7	2.21179E-10	   
8	2.5393E-10	   
9	2.86118E-10	 
9	1
