1e-10	1
1e-10	8.99475E-12
0.0005	8.99475E-12
0.001	8.99482E-12
0.0015	8.99502E-12
0.002	8.99561E-12
0.0025	8.99684E-12
0.003	8.99907E-12
0.0035	9.00278E-12
0.004	9.00842E-12
0.0045	9.01665E-12
0.005	9.02813E-12
0.0055	9.04358E-12
0.006	9.06382E-12
0.0065	9.08977E-12
0.007	9.12231E-12
0.0075	9.16249E-12
0.008	9.2113E-12
0.0085	9.26976E-12
0.009	9.33891E-12
0.0095	9.41972E-12
0.01	9.51308E-12
0.0105	9.6197E-12
0.011	9.74009E-12
0.0115	9.87446E-12
0.012	1.00226E-11
0.0125	1.0184E-11
0.013	1.03572E-11
0.0135	1.05408E-11
0.014	1.07325E-11
0.0145	1.093E-11
0.015	1.11309E-11
0.0155	1.13335E-11
0.016	1.15374E-11
0.0165	1.17442E-11
0.017	1.19574E-11
0.0175	1.21821E-11
0.018	1.24236E-11
0.0185	1.26859E-11
0.019	1.29701E-11
0.0195	1.36778E-11
0.02	1.41422E-11
0.0205	1.45648E-11
0.021	1.45648E-11
0.0215	1.49535E-11
0.022	1.53141E-11
0.0225	1.56509E-11
0.023	1.59672E-11
0.0235	1.62658E-11
0.024	1.65488E-11
0.0245	1.65488E-11
0.025	1.6818E-11
0.0255	1.70748E-11
0.026	1.75563E-11
0.0265	1.80011E-11
0.027	1.86122E-11
0.0275	1.91684E-11
0.028	1.9842E-11
0.0285	2.05978E-11
0.029	2.12785E-11
0.0295	2.20175E-11
0.03	2.25811E-11
0.0305	2.32061E-11
0.031	2.37843E-11
0.0315	2.44095E-11
0.032	2.49901E-11
0.0325	2.56076E-11
0.033	2.61834E-11
0.0335	2.65916E-11
0.034	2.68536E-11
0.0345	2.69818E-11
0.035	2.69818E-11
0.0355	2.69179E-11
0.036	2.69179E-11
0.0365	2.69818E-11
0.037	2.71082E-11
0.0375	2.72945E-11
0.038	2.75968E-11
0.0385	2.80608E-11
0.039	2.86102E-11
0.0395	2.91801E-11
0.04	2.97184E-11
0.0405	3.01381E-11
0.041	3.04969E-11
0.0415	3.08009E-11
0.042	3.10126E-11
0.0425	3.1261E-11
0.043	3.15436E-11
0.0435	3.18188E-11
0.044	3.21624E-11
0.0445	3.26041E-11
0.045	3.30631E-11
0.0455	3.35701E-11
0.046	3.41183E-11
0.0465	3.46412E-11
0.047	3.51414E-11
0.0475	3.55935E-11
0.048	3.59485E-11
0.0485	3.61354E-11
0.049	3.62147E-11
0.0495	3.62147E-11
0.05	3.63195E-11
0.0505	3.6552E-11
0.051	3.69301E-11
0.0515	3.74168E-11
0.052	3.80223E-11
0.0525	3.8622E-11
0.053	3.91325E-11
0.0535	3.9523E-11
0.054	3.99415E-11
0.0545	4.04986E-11
0.055	4.11597E-11
0.0555	4.17218E-11
0.056	4.20954E-11
0.0565	4.23281E-11
0.057	4.26217E-11
0.0575	4.32224E-11
0.058	4.41372E-11
0.0585	4.50259E-11
0.059	4.55904E-11
0.0595	4.57609E-11
0.06	4.56824E-11
0.0605	4.54977E-11
0.061	4.52299E-11
0.0615	4.4916E-11
0.062	4.45953E-11
0.0625	4.44537E-11
0.063	4.46656E-11
0.0635	4.53108E-11
0.064	4.62614E-11
0.0645	4.73816E-11
0.065	4.85373E-11
0.0655	4.94616E-11
0.066	5.00502E-11
0.0665	5.05026E-11
0.067	5.09527E-11
0.0675	5.12803E-11
0.068	5.14463E-11
0.0685	5.15013E-11
0.069	5.15287E-11
0.0695	5.17466E-11
0.07	5.21214E-11
0.0705	5.24277E-11
0.071	5.27798E-11
0.0715	5.33569E-11
0.072	5.39238E-11
0.0725	5.44037E-11
0.073	5.48029E-11
0.0735	5.4909E-11
0.074	5.4856E-11
0.0745	5.48787E-11
0.075	5.49165E-11
0.0755	5.52901E-11
0.076	5.60294E-11
0.0765	5.67612E-11
0.077	5.78181E-11
0.0775	5.90096E-11
0.078	5.95615E-11
0.0785	5.99307E-11
0.079	6.02819E-11
0.0795	6.03104E-11
0.08	6.03616E-11
0.0805	5.99829E-11
0.081	5.92514E-11
0.0815	5.90582E-11
0.082	5.88324E-11
0.0825	5.90218E-11
0.083	6.04297E-11
0.0835	6.19622E-11
0.084	6.38354E-11
0.0845	6.59745E-11
0.085	6.68283E-11
0.0855	6.71279E-11
0.086	6.71155E-11
0.0865	6.63157E-11
0.087	6.54681E-11
0.0875	6.43951E-11
0.088	6.34622E-11
0.0885	6.35208E-11
0.089	6.38162E-11
0.0895	6.43107E-11
0.09	6.58172E-11
0.0905	6.72638E-11
0.091	6.87269E-11
0.0915	7.07781E-11
0.092	7.16197E-11
0.0925	7.21613E-11
0.093	7.28241E-11
0.0935	7.17554E-11
0.094	7.07499E-11
0.0945	7.06331E-11
0.095	6.98614E-11
0.0955	6.96404E-11
0.096	7.04265E-11
0.0965	7.08063E-11
0.097	7.17791E-11
0.0975	7.26846E-11
0.098	7.29758E-11
0.0985	7.40241E-11
0.099	7.50178E-11
0.0995	7.53706E-11
0.1	7.61496E-11
0.1005	7.68422E-11
0.101	7.68725E-11
0.1015	7.7157E-11
0.102	7.71788E-11
0.1025	7.72006E-11
0.103	7.68917E-11
0.1035	7.67456E-11
0.104	7.69604E-11
0.1045	7.73711E-11
0.105	7.781E-11
0.1055	7.89064E-11
0.106	7.97945E-11
0.1065	8.07111E-11
0.107	8.09407E-11
0.1075	8.12688E-11
0.108	8.18471E-11
0.1085	8.21193E-11
0.109	8.27398E-11
0.1095	8.39214E-11
0.11	8.31646E-11
0.1105	8.27376E-11
0.111	8.23217E-11
0.1115	8.16021E-11
0.112	8.25004E-11
0.1125	8.40817E-11
0.113	8.4886E-11
0.1135	8.6549E-11
0.114	8.6699E-11
0.1145	8.74974E-11
0.115	8.81141E-11
0.1155	8.78646E-11
0.116	8.78646E-11
0.1165	8.77852E-11
0.117	8.6466E-11
0.1175	8.73777E-11
0.118	8.77223E-11
0.1185	8.74675E-11
0.119	8.85152E-11
0.1195	9.0033E-11
0.12	9.07272E-11
0.1205	9.33327E-11
0.121	9.44146E-11
0.1215	9.33004E-11
0.122	9.296E-11
0.1225	9.18333E-11
0.123	8.98853E-11
0.1235	9.10038E-11
0.124	9.15234E-11
0.1245	9.27461E-11
0.125	9.47911E-11
0.1255	9.61219E-11
0.126	9.61331E-11
0.1265	9.68332E-11
0.127	9.70322E-11
0.1275	9.71714E-11
0.128	9.76716E-11
0.1285	9.73006E-11
0.129	9.623E-11
0.1295	9.60472E-11
0.13	9.58363E-11
0.1305	9.67532E-11
0.131	9.85035E-11
0.1315	1.00842E-10
0.132	1.01774E-10
0.1325	1.02734E-10
0.133	1.01754E-10
0.1335	1.00281E-10
0.134	9.99192E-11
0.1345	1.01015E-10
0.135	1.01026E-10
0.1355	1.02468E-10
0.136	1.02826E-10
0.1365	1.02014E-10
0.137	1.04088E-10
0.1375	1.04221E-10
0.138	1.04036E-10
0.1385	1.06103E-10
0.139	1.05267E-10
0.1395	1.05237E-10
0.14	1.0732E-10
0.1405	1.04855E-10
0.141	1.06396E-10
0.1415	1.07351E-10
0.142	1.05841E-10
0.1425	1.08204E-10
0.143	1.08713E-10
0.1435	1.07758E-10
0.144	1.10519E-10
0.1445	1.0927E-10
0.145	1.08687E-10
0.1455	1.10679E-10
0.146	1.09736E-10
0.1465	1.10945E-10
0.147	1.12599E-10
0.1475	1.11284E-10
0.148	1.11579E-10
0.1485	1.12507E-10
0.149	1.11322E-10
0.1495	1.13384E-10
0.15	1.15026E-10
0.1505	1.13483E-10
0.151	1.14321E-10
0.1515	1.15368E-10
0.152	1.12908E-10
0.1525	1.1641E-10
0.153	1.16188E-10
0.1535	1.15462E-10
0.154	1.18503E-10
0.1545	1.17056E-10
0.155	1.16205E-10
0.1555	1.18297E-10
0.156	1.16375E-10
0.1565	1.183E-10
0.157	1.19839E-10
0.1575	1.18952E-10
0.158	1.2114E-10
0.1585	1.21629E-10
0.159	1.18871E-10
0.1595	1.20151E-10
0.16	1.21007E-10
0.1605	1.20217E-10
0.161	1.2334E-10
0.1615	1.23447E-10
0.162	1.21729E-10
0.1625	1.24025E-10
0.163	1.22418E-10
0.1635	1.22738E-10
0.164	1.25467E-10
0.1645	1.24696E-10
0.165	1.2432E-10
0.1655	1.27655E-10
0.166	1.2439E-10
0.1665	1.26043E-10
0.167	1.2733E-10
0.1675	1.24171E-10
0.168	1.2756E-10
0.1685	1.28805E-10
0.169	1.27472E-10
0.1695	1.31054E-10
0.17	1.29193E-10
0.1705	1.27146E-10
0.171	1.29396E-10
0.1715	1.2948E-10
0.172	1.28805E-10
0.1725	1.32261E-10
0.173	1.31281E-10
0.1735	1.3176E-10
0.174	1.32141E-10
0.1745	1.30995E-10
0.175	1.31786E-10
0.1755	1.35039E-10
0.176	1.31221E-10
0.1765	1.34609E-10
0.177	1.34503E-10
0.1775	1.32927E-10
0.178	1.35808E-10
0.1785	1.36589E-10
0.179	1.32804E-10
0.1795	1.37431E-10
0.18	1.3645E-10
0.1805	1.36364E-10
0.181	1.39205E-10
0.1815	1.36976E-10
0.182	1.35826E-10
0.1825	1.39544E-10
0.183	1.37629E-10
0.1835	1.39437E-10
0.184	1.41183E-10
0.1845	1.37405E-10
0.185	1.41483E-10
0.1855	1.42666E-10
0.186	1.388E-10
0.1865	1.42242E-10
0.187	1.42393E-10
0.1875	1.38657E-10
0.188	1.4466E-10
0.1885	1.4281E-10
0.189	1.42539E-10
0.1895	1.46039E-10
0.19	1.44994E-10
0.1905	1.4282E-10
0.191	1.456E-10
0.1915	1.41659E-10
0.192	1.46328E-10
0.1925	1.47966E-10
0.193	1.46463E-10
0.1935	1.4629E-10
0.194	1.49555E-10
0.1945	1.43924E-10
0.195	1.49617E-10
0.1955	1.48021E-10
0.196	1.4672E-10
0.1965	1.50022E-10
0.197	1.52426E-10
0.1975	1.46456E-10
0.198	1.53168E-10
0.1985	1.4766E-10
0.199	1.49025E-10
0.1995	1.53536E-10
0.2	1.52368E-10
0.2005	1.51057E-10
0.201	1.56195E-10
0.2015	1.48587E-10
0.202	1.52999E-10
0.2025	1.54483E-10
0.203	1.52587E-10
0.2035	1.55281E-10
0.204	1.58031E-10
0.2045	1.52144E-10
0.205	1.56771E-10
0.2055	1.53962E-10
0.206	1.54121E-10
0.2065	1.57275E-10
0.207	1.59895E-10
0.2075	1.55333E-10
0.208	1.60964E-10
0.2085	1.56124E-10
0.209	1.58157E-10
0.2095	1.59809E-10
0.21	1.58722E-10
0.2105	1.56409E-10
0.211	1.64095E-10
0.2115	1.59853E-10
0.212	1.62228E-10
0.2125	1.60548E-10
0.213	1.59487E-10
0.2135	1.60741E-10
0.214	1.63993E-10
0.2145	1.60937E-10
0.215	1.67008E-10
0.2155	1.61568E-10
0.216	1.64779E-10
0.2165	1.63489E-10
0.217	1.63947E-10
0.2175	1.64171E-10
0.218	1.67915E-10
0.2185	1.64776E-10
0.219	1.67531E-10
0.2195	1.64877E-10
0.22	1.671E-10
0.2205	1.6598E-10
0.221	1.69684E-10
0.2215	1.66488E-10
0.222	1.69687E-10
0.2225	1.67095E-10
0.223	1.70455E-10
0.2235	1.69463E-10
0.224	1.70846E-10
0.2245	1.68936E-10
0.225	1.71123E-10
0.2255	1.69217E-10
0.226	1.73438E-10
0.2265	1.69802E-10
0.227	1.73576E-10
0.2275	1.70842E-10
0.228	1.72072E-10
0.2285	1.73197E-10
0.229	1.75263E-10
0.2295	1.71719E-10
0.23	1.75932E-10
0.2305	1.73954E-10
0.231	1.76265E-10
0.2315	1.73706E-10
0.232	1.76987E-10
0.2325	1.74896E-10
0.233	1.78015E-10
0.2335	1.75281E-10
0.234	1.77485E-10
0.2345	1.76981E-10
0.235	1.79188E-10
0.2355	1.76261E-10
0.236	1.81543E-10
0.2365	1.77835E-10
0.237	1.80584E-10
0.2375	1.79345E-10
0.238	1.81035E-10
0.2385	1.81075E-10
0.239	1.82853E-10
0.2395	1.78902E-10
0.24	1.8378E-10
0.2405	1.81233E-10
0.241	1.84116E-10
0.2415	1.81841E-10
0.242	1.83816E-10
0.2425	1.82592E-10
0.243	1.84554E-10
0.2435	1.84289E-10
0.244	1.86256E-10
0.2445	1.83399E-10
0.245	1.89617E-10
0.2455	1.85696E-10
0.246	1.86596E-10
0.2465	1.85979E-10
0.247	1.8744E-10
0.2475	1.88853E-10
0.248	1.90329E-10
0.2485	1.86253E-10
0.249	1.89592E-10
0.2495	1.86398E-10
0.25	1.91086E-10
0.2505	1.91061E-10
0.251	1.88997E-10
0.2515	1.88964E-10
0.252	1.92784E-10
0.2525	1.90511E-10
0.253	1.93259E-10
0.2535	1.93175E-10
0.254	1.94063E-10
0.2545	1.8917E-10
0.255	1.94981E-10
0.2555	1.9322E-10
0.256	1.93822E-10
0.2565	1.95395E-10
0.257	1.9367E-10
0.2575	1.94752E-10
0.258	1.97473E-10
0.2585	1.91062E-10
0.259	1.99555E-10
0.2595	1.96761E-10
0.26	1.9584E-10
0.2605	1.98652E-10
0.261	1.96729E-10
0.2615	1.97884E-10
0.262	2.01818E-10
0.2625	1.96616E-10
0.263	1.99435E-10
0.2635	1.98031E-10
0.264	1.98925E-10
0.2645	2.02327E-10
0.265	2.02188E-10
0.2655	1.9977E-10
0.266	2.01582E-10
0.2665	2.0211E-10
0.267	2.03043E-10
0.2675	2.02367E-10
0.268	2.04876E-10
0.2685	2.01495E-10
0.269	2.02933E-10
0.2695	2.0581E-10
0.27	2.03315E-10
0.2705	2.0556E-10
0.271	2.05157E-10
0.2715	2.05716E-10
0.272	2.07576E-10
0.2725	2.0327E-10
0.273	2.09341E-10
0.2735	2.09278E-10
0.274	2.03029E-10
0.2745	2.09971E-10
0.275	2.10216E-10
0.2755	2.05584E-10
0.276	2.09998E-10
0.2765	2.10461E-10
0.277	2.09058E-10
0.2775	2.07955E-10
0.278	2.09319E-10
0.2785	2.1328E-10
0.279	2.10175E-10
0.2795	2.1197E-10
0.28	2.11576E-10
0.2805	2.11541E-10
0.281	2.12276E-10
0.2815	2.11994E-10
0.282	2.1237E-10
0.2825	2.12597E-10
0.283	2.13686E-10
0.2835	2.16683E-10
0.284	2.10907E-10
0.2845	2.13961E-10
0.285	2.1607E-10
0.2855	2.14018E-10
0.286	2.15629E-10
0.2865	2.15792E-10
0.287	2.15676E-10
0.2875	2.17602E-10
0.288	2.14918E-10
0.2885	2.19506E-10
0.289	2.14285E-10
0.2895	2.17629E-10
0.29	2.21389E-10
0.2905	2.1742E-10
0.291	2.15307E-10
0.2915	2.22697E-10
0.292	2.18448E-10
0.2925	2.20544E-10
0.293	2.19478E-10
0.2935	2.22178E-10
0.294	2.18456E-10
0.2945	2.22543E-10
0.295	2.21013E-10
0.2955	2.20607E-10
0.296	2.21499E-10
0.2965	2.23737E-10
0.297	2.19441E-10
0.2975	2.26585E-10
0.298	2.21405E-10
0.2985	2.24012E-10
0.299	2.24718E-10
0.2995	2.21431E-10
0.3	2.25357E-10
