#Solar axion emission increases neutrino flux, from 
#Raffelt & Gondolo. 
#
0.10000000E-13 0.13803842E+05
0.10000000E+03 0.13777582E+05
0.12589254E+03 0.13771834E+05
0.15848931E+03 0.13762882E+05
0.19952623E+03 0.13748992E+05
0.25118864E+03 0.13727543E+05
0.31622776E+03 0.13694599E+05
0.39810717E+03 0.13644327E+05
0.50118723E+03 0.13568186E+05
0.63095734E+03 0.13453876E+05
0.79432823E+03 0.13284024E+05
0.10000000E+04 0.13034729E+05
0.12589254E+04 0.12674290E+05
0.15848931E+04 0.12162992E+05
0.19952623E+04 0.11455639E+05
0.25118864E+04 0.10509451E+05
0.31622776E+04 0.92995995E+04
0.39810717E+04 0.78408090E+04
0.50118723E+04 0.62060880E+04
0.63095734E+04 0.45285497E+04
0.79432823E+04 0.29773218E+04
0.10000000E+05 0.17112651E+04
0.12589254E+05 0.82581090E+03
0.15848931E+05 0.31707943E+03
0.19952623E+05 0.90326792E+02
0.25118864E+05 0.17469766E+02
0.31622776E+05 0.20532863E+01
0.39810717E+05 0.12780030E+00
0.50118723E+05 0.59627704E-02
0.50118723E+05 0.35497630E-02
0.39810717E+05 0.13411683E-03
0.31622776E+05 0.68347638E-05
0.25118864E+05 0.66865138E-06
0.19952623E+05 0.11019147E-06
0.15848931E+05 0.27585580E-07
0.12589254E+05 0.96583482E-08
0.10000000E+05 0.44208674E-08
0.79432823E+04 0.25007911E-08
0.63095734E+04 0.16674693E-08
0.50118723E+04 0.12595418E-08
0.39810717E+04 0.10430374E-08
0.31622776E+04 0.92221839E-09
0.25118864E+04 0.85285108E-09
0.19952623E+04 0.81241443E-09
0.15848931E+04 0.78863185E-09
0.12589254E+04 0.77454352E-09
0.10000000E+04 0.76613401E-09
0.79432823E+03 0.76107168E-09
0.63095734E+03 0.75799760E-09
0.50118723E+03 0.75611543E-09
0.39810717E+03 0.75495468E-09
0.31622776E+03 0.75423456E-09
0.25118864E+03 0.75378572E-09
0.19952623E+03 0.75350498E-09
0.15848931E+03 0.75332892E-09
0.12589254E+03 0.75321830E-09
0.10000000E+03 0.75314871E-09
0.10000000E-13 0.75314871E-09
