# BASE
# https://inspirehep.net/literature/1843024
# mass [eV]  g_ap [GeV^-1]
2.790570750847738e-9  1
2.790570750847738e-9  1.0198822576268193e-11
2.7905717847646705e-9  1.0384548911260333e-11
2.7905728186816035e-9  1.0280636804255337e-11
2.7905738525985355e-9  1.0897844805386205e-11
2.7905748865154685e-9  1.1309055598540661e-11
2.790575920432401e-9  1.1658981226310436e-11
2.7905769543493335e-9  1.1561651073672453e-11
2.7905779882662665e-9  1.129948146111964e-11
2.7905790221831985e-9  1.1638764974792542e-11
2.7905800561001315e-9  1.2372097070841097e-11
2.790581090017064e-9  1.2277739520962741e-11
2.7905821239339965e-9  1.1164743759401769e-11
2.7905831578509295e-9  1.1697727223625334e-11
2.7905841917678624e-9  1.1484932963967006e-11
2.7905852256847945e-9  1.125102952453278e-11
2.7905862596017275e-9  1.129950713295847e-11
2.79058729351866e-9  1.0948786038413581e-11
2.7905883274355925e-9  1.0344325722912718e-11
2.7905893613525254e-9  9.931781096403654e-12
2.790590395269458e-9  1.0257097679326282e-11
2.7905914291863905e-9  1.1298495911407425e-11
2.790592463103323e-9  1.4199143227021998e-11
2.7905934970202555e-9  1.4359183202638672e-11
2.7905945309371885e-9  1.5062131431389682e-11
2.790595564854121e-9  1.552524234512015e-11
2.7905965987710535e-9  1.531914536895507e-11
2.790597632687986e-9  1.8061788895350232e-11
2.790598666604919e-9  2.1933938701680842e-11
2.790599700521852e-9  1.8861886790895695e-11
2.790600734438784e-9  1.7224161865965972e-11
2.790601768355717e-9  1.8218395679033586e-11
2.7906028022726495e-9  1.8651450789993472e-11
2.790603836189582e-9  1.6185302649676406e-11
2.790604870106515e-9  1.194879718626034e-11
2.7906059040234474e-9  1.0662245202720751e-11
2.79060693794038e-9  1.0610343845398287e-11
2.7906079718573125e-9  1.0709243342452603e-11
2.790609005774245e-9  1.1060462781181832e-11
2.790610039691178e-9  1.0594480804726191e-11
2.79061107360811e-9  9.495891919423795e-12
2.790612107525043e-9  9.080612687821498e-12
2.7906131414419755e-9  8.590612272746634e-12
2.7906141753589084e-9  8.751732222294329e-12
2.7906152092758414e-9  9.276129178450447e-12
2.7906162431927735e-9  1.0009333900934822e-11
2.7906172771097064e-9  1.0403532119607781e-11
2.7906183110266394e-9  1.002329662771955e-11
2.7906193449435714e-9  9.560715054147422e-12
2.7906203788605044e-9  9.232123745551603e-12
2.7906214127774365e-9  9.146430426187037e-12
2.7906224466943694e-9  9.618442821404861e-12
2.7906234806113024e-9  9.63334395455262e-12
2.7906245145282345e-9  9.966177452899847e-12
2.7906255484451674e-9  1.0350489140841335e-11
2.7906265823620995e-9  9.772254357482605e-12
2.7906276162790324e-9  9.7320406834473e-12
2.7906286501959654e-9  1.0324984600443745e-11
2.790629684112898e-9  1.2251972444134349e-11
2.790630718029831e-9  1.2282503104102539e-11
2.790631751946763e-9  1.1030355865427661e-11
2.790632785863696e-9  1.0998615081379665e-11
2.7906338197806284e-9  1.1445665375952535e-11
2.790634853697561e-9  1.057558354568558e-11
2.790635887614494e-9  1.0775775655325326e-11
2.790636921531426e-9  1.1255996598980044e-11
2.790637955448359e-9  1.2070773586702858e-11
2.7906389893652914e-9  1.279905173443236e-11
2.790640023282224e-9  1.2978056357643932e-11
2.790641057199157e-9  1.256853549345576e-11
2.790642091116089e-9  1.0990486914488263e-11
2.790643125033022e-9  9.470509328190458e-12
2.790644158949955e-9  9.523707436165525e-12
2.7906451928668874e-9  1.0084802990924881e-11
2.7906462267838203e-9  9.74194481320296e-12
2.790647260700753e-9  9.437495931977367e-12
2.7906482946176854e-9  1.0294837216638431e-11
2.790649328534618e-9  1.1189130297355043e-11
2.7906503624515504e-9  1.0509401699770756e-11
2.790651396368483e-9  1.0838071286221531e-11
2.790652430285416e-9  1.1228141829653522e-11
2.7906534642023484e-9  1.0780113774678063e-11
2.790654498119281e-9  1.0625558702018825e-11
2.7906555320362134e-9  1.0461158018130752e-11
2.7906565659531464e-9  1.0150527991002945e-11
2.790657599870079e-9  1.035320263367842e-11
2.7906586337870114e-9  1.0033959101170617e-11
2.7906596677039444e-9  1.0004755208821436e-11
2.790660701620877e-9  1.0106080725776204e-11
2.7906617355378094e-9  1.0280957226756145e-11
2.7906627694547423e-9  1.057034948196575e-11
2.790663803371675e-9  1.1157569861914879e-11
2.7906648372886074e-9  1.2509419854661144e-11
2.7906658712055403e-9  1.265664323344451e-11
2.7906669051224724e-9  1.1597169066636219e-11
2.7906679390394054e-9  1.0857131398682827e-11
2.7906689729563374e-9  1.0972554136605204e-11
2.7906700068732704e-9  1.1645737348405076e-11
2.7906710407902033e-9  1.339612027266225e-11
2.7906720747071354e-9  1.555461847522295e-11
2.7906731086240684e-9  1.409010338078318e-11
2.790674142541001e-9  1.19297362438208e-11
2.790675176457934e-9  1.1095513069902407e-11
2.790676210374867e-9  1.1190422649011418e-11
2.790677244291799e-9  1.1343751308403963e-11
2.790678278208732e-9  1.1508844928036096e-11
2.790679312125664e-9  1.1404599409939155e-11
2.790680346042597e-9  1.0840587351782223e-11
2.79068137995953e-9  1.1218874876799097e-11
2.790682413876462e-9  1.2867228992489819e-11
2.790683447793395e-9  1.3227193060940747e-11
2.790684481710327e-9  1.2563818672899318e-11
2.79068551562726e-9  1.0787007442527703e-11
2.790686549544193e-9  9.922949214193423e-12
2.790687583461125e-9  1.0394151001870082e-11
2.790688617378058e-9  9.952578966207521e-12
2.7906896512949904e-9  9.777579872185808e-12
2.7906906852119233e-9  9.848416547150333e-12
2.790691719128856e-9  1.023917373526323e-11
2.7906927530457883e-9  9.497019676438461e-12
2.7906937869627213e-9  9.811412461193858e-12
2.7906948208796534e-9  1.1370451999331547e-11
2.7906958547965863e-9  1.2181983958714946e-11
2.790696888713519e-9  1.1983491956231297e-11
2.7906979226304514e-9  1.2144605116859776e-11
2.7906989565473843e-9  1.0892393983754034e-11
2.7906999904643164e-9  9.87695621762571e-12
2.7907010243812493e-9  9.77804458161782e-12
2.7907020582981823e-9  9.668323702559331e-12
2.7907030922151144e-9  9.087681264787206e-12
2.7907041261320473e-9  8.969893291920908e-12
2.7907051600489803e-9  9.203271100323739e-12
2.790706193965913e-9  9.096375051305956e-12
2.7907072278828453e-9  9.148062484184719e-12
2.790708261799778e-9  9.830297637944095e-12
2.7907092957167103e-9  1.0141558385050747e-11
2.7907103296336433e-9  9.6079151852626e-12
2.790711363550576e-9  9.301445318556985e-12
2.7907123974675083e-9  9.101162353409589e-12
2.790713431384441e-9  8.899089607481819e-12
2.7907144653013733e-9  8.134987145828446e-12
2.7907154992183063e-9  7.497864094991473e-12
2.790716533135239e-9  7.591505486721294e-12
2.7907175670521718e-9  8.084518662920347e-12
2.790718600969104e-9  7.963503195699272e-12
2.790719634886037e-9  7.950581538344274e-12
2.7907206688029698e-9  8.07455031890847e-12
2.7907217027199023e-9  7.911903690781465e-12
2.790722736636835e-9  7.557648153878337e-12
2.7907237705537677e-9  7.483602781665068e-12
2.7907248044707e-9  7.931261187740362e-12
2.7907258383876328e-9  8.094661752522233e-12
2.7907268723045653e-9  7.359860860627584e-12
2.790727906221498e-9  7.394448788243312e-12
2.7907289401384308e-9  8.011643871669564e-12
2.790729974055363e-9  8.566339869552743e-12
2.790731007972296e-9  8.634611829641297e-12
2.7907320418892283e-9  8.336782178066528e-12
2.7907330758061613e-9  8.577923243371955e-12
2.7907341097230938e-9  8.637204920600331e-12
2.7907351436400263e-9  8.096896209782976e-12
2.7907361775569592e-9  7.613655207482207e-12
2.7907372114738913e-9  7.520676780888239e-12
2.7907382453908243e-9  7.451977977017312e-12
2.7907392793077572e-9  7.573957759365292e-12
2.7907403132246893e-9  7.490524714392793e-12
2.7907413471416223e-9  7.703931186914658e-12
2.7907423810585543e-9  7.821583264374567e-12
2.7907434149754873e-9  7.959626868555369e-12
2.7907444488924202e-9  8.085283042279758e-12
2.7907454828093523e-9  7.90975255679146e-12
2.7907465167262853e-9  7.47211350428796e-12
2.790747550643218e-9  7.715157186663022e-12
2.7907485845601507e-9  8.383253441209137e-12
2.7907496184770832e-9  8.653754461748221e-12
2.7907506523940158e-9  8.426424435739029e-12
2.7907516863109487e-9  8.48033992714181e-12
2.790752720227881e-9  8.76276168454053e-12
2.7907537541448137e-9  8.635477959724876e-12
2.7907547880617463e-9  8.320510772637112e-12
2.7907558219786788e-9  8.232074625089428e-12
2.7907568558956117e-9  8.097016914064581e-12
2.790757889812544e-9  8.266600261526325e-12
2.7907589237294768e-9  8.1775449576501e-12
2.7907599576464093e-9  8.423379380947253e-12
2.790760991563342e-9  9.452927644324265e-12
2.7907620254802747e-9  9.067901938572729e-12
2.7907630593972077e-9  8.471355416569749e-12
2.79076409331414e-9  8.793769739317653e-12
2.7907651272310727e-9  8.655105455408825e-12
2.7907661611480052e-9  8.927165114018941e-12
2.790767195064938e-9  8.932217686931192e-12
2.7907682289818707e-9  8.710676706925028e-12
2.7907692628988032e-9  8.22357706141416e-12
2.7907702968157357e-9  7.850507545556229e-12
2.7907713307326683e-9  7.738868041715498e-12
2.7907723646496008e-9  7.579861272153572e-12
2.7907733985665337e-9  7.640442265973076e-12
2.7907744324834662e-9  8.164114543868263e-12
2.7907754664003988e-9  8.986147279132484e-12
2.7907765003173313e-9  9.602194548757201e-12
2.7907775342342642e-9  9.838641041317855e-12
2.790778568151197e-9  9.541570314395211e-12
2.7907796020681297e-9  9.580338419430808e-12
2.790780635985062e-9  9.119434120433243e-12
2.790781669901995e-9  8.368480695987831e-12
2.7907827038189272e-9  7.969429044417403e-12
2.79078373773586e-9  7.935798054350564e-12
2.7907847716527927e-9  7.763944295148413e-12
2.790785805569725e-9  7.92127698071799e-12
2.790786839486658e-9  8.697699509406473e-12
2.7907878734035902e-9  9.547192302014138e-12
2.790788907320523e-9  9.205938359352363e-12
2.7907899412374557e-9  8.141444408911825e-12
2.7907909751543882e-9  7.542336386439988e-12
2.790792009071321e-9  7.956617251177474e-12
2.7907930429882537e-9  8.179382030951696e-12
2.7907940769051867e-9  8.827709289659022e-12
2.7907951108221187e-9  1.0046997685251378e-11
2.7907961447390517e-9  1.100006896372001e-11
2.7907971786559846e-9  1.0133292597057495e-11
2.7907982125729167e-9  9.199225453985956e-12
2.7907992464898497e-9  8.51412765598947e-12
2.7908002804067817e-9  8.549091611035959e-12
2.7908013143237147e-9  8.615448771993309e-12
2.7908023482406477e-9  9.066553399857452e-12
2.7908033821575797e-9  8.34932310003685e-12
2.7908044160745127e-9  8.102443139897239e-12
2.7908054499914448e-9  8.262629747814017e-12
2.7908064839083777e-9  8.18342895774518e-12
2.7908075178253107e-9  8.401418021679739e-12
2.790808551742243e-9  9.229145205478239e-12
2.790809585659176e-9  1.0990493884550644e-11
2.7908106195761087e-9  1.1810587938001438e-11
2.790811653493041e-9  9.56973721482653e-12
2.7908126874099737e-9  8.186527929156568e-12
2.790813721326906e-9  7.81039841573002e-12
2.790814755243839e-9  8.158737397705046e-12
2.7908157891607717e-9  8.627045894323075e-12
2.790816823077704e-9  9.106035993440034e-12
2.7908178569946367e-9  9.486729132880335e-12
2.790818890911569e-9  9.52451652372609e-12
2.790819924828502e-9  9.195547827895926e-12
2.7908209587454347e-9  9.279010265181834e-12
2.790821992662367e-9  8.76232069455824e-12
2.7908230265793e-9  8.808322623120693e-12
2.7908240604962327e-9  9.699156903665632e-12
2.7908250944131656e-9  9.510131396500053e-12
2.790826128330098e-9  9.303612607868534e-12
2.7908271622470306e-9  9.309552892030244e-12
2.790828196163963e-9  9.68387792931089e-12
2.7908292300808957e-9  9.630093784777162e-12
2.790830263997828e-9  8.697174362041175e-12
2.790831297914761e-9  8.813902159851293e-12
2.7908323318316937e-9  9.12856364721115e-12
2.790833365748626e-9  9.236112183271484e-12
2.7908343996655587e-9  9.058863097608705e-12
2.7908354335824916e-9  9.213187281732533e-12
2.790836467499424e-9  9.557824201605918e-12
2.7908375014163567e-9  9.440704072308109e-12
2.7908385353332896e-9  9.061476262300841e-12
2.7908395692502226e-9  8.440977535291941e-12
2.7908406031671547e-9  8.975913887646288e-12
2.7908416370840876e-9  8.990292067160288e-12
2.79084267100102e-9  8.843018158794784e-12
2.7908437049179526e-9  8.915979596074615e-12
2.7908447388348856e-9  8.714053209194362e-12
2.7908457727518177e-9  8.90272764181478e-12
2.7908468066687506e-9  1.0099053316194316e-11
2.790847840585683e-9  1.0515812273038073e-11
2.7908488745026157e-9  1.0356857143281355e-11
2.7908499084195486e-9  9.529100035833772e-12
2.790850942336481e-9  8.869742945128815e-12
2.7908519762534136e-9  8.447101232104653e-12
2.790853010170346e-9  8.432049020548356e-12
2.790854044087279e-9  8.565560197632803e-12
2.790855078004212e-9  8.116339309294024e-12
2.790856111921144e-9  8.292308253409887e-12
2.790857145838077e-9  8.84403585485475e-12
2.790858179755009e-9  1.0118026204382317e-11
2.790859213671942e-9  1.1142441707180788e-11
2.790860247588875e-9  1.1769608088021464e-11
2.790861281505807e-9  1.2167819024469115e-11
2.79086231542274e-9  1.1345617942646189e-11
2.790863349339672e-9  1.0777513166988958e-11
2.790864383256605e-9  1.0355764790861609e-11
2.790865417173538e-9  1.0853882400922528e-11
2.7908664510904706e-9  1.013612151440861e-11
2.790867485007403e-9  1.065566881416353e-11
2.790868518924336e-9  1.100955012394752e-11
2.7908695528412686e-9  1.04893325128877e-11
2.790870586758201e-9  1.0224645773687953e-11
2.7908716206751336e-9  1.0090368554414376e-11
2.7908726545920666e-9  9.512594916973242e-12
2.790873688508999e-9  8.51543856338702e-12
2.7908747224259316e-9  8.082011311658278e-12
2.790875756342864e-9  8.398241602647543e-12
2.7908767902597966e-9  8.81338260579934e-12
2.7908778241767296e-9  9.468754070091135e-12
2.790878858093662e-9  1.0510114173436469e-11
2.7908798920105946e-9  1.0733695120847844e-11
2.7908809259275276e-9  1.0908769225543046e-11
2.79088195984446e-9  1.2103942321584852e-11
2.7908829937613926e-9  1.2452785995766093e-11
2.7908840276783256e-9  1.255501584709882e-11
2.790885061595258e-9  1.1649526014760057e-11
2.7908860955121906e-9  1.2080973348930071e-11
2.790887129429123e-9  1.2763980731308615e-11
2.790888163346056e-9  1.1096018665671014e-11
2.7908891972629886e-9  1.0704594364934124e-11
2.790890231179921e-9  1.0481892288258842e-11
2.7908912650968536e-9  1.049365134837449e-11
2.790892299013786e-9  1.1342343241154383e-11
2.7908933329307186e-9  1.2074203961661993e-11
2.7908943668476516e-9  1.2033889996479278e-11
2.790895400764584e-9  1.1956620686800752e-11
2.790896434681517e-9  1.1650500444052327e-11
2.79089746859845e-9  1.054814069489448e-11
2.790898502515382e-9  9.732853627073025e-12
2.790899536432315e-9  9.490843909710286e-12
2.7909005703492475e-9  9.048703772956466e-12
2.79090160426618e-9  9.026045957309773e-12
2.790902638183113e-9  9.70955206089217e-12
2.790903672100045e-9  1.0280314576888775e-11
2.790904706016978e-9  1.0361075031209005e-11
2.7909057399339106e-9  1.0273470571544372e-11
2.790906773850843e-9  9.871640759385976e-12
2.790907807767776e-9  9.657406532157521e-12
2.790908841684708e-9  1.0146785969686633e-11
2.790909875601641e-9  1.0090741106948234e-11
2.7909109095185736e-9  9.851404049207496e-12
2.7909119434355065e-9  1.0523706940586772e-11
2.7909129773524395e-9  1.1397637464284746e-11
2.7909140112693716e-9  1.1860388810137555e-11
2.7909150451863045e-9  1.1959508809798117e-11
2.7909160791032366e-9  1.111521956217928e-11
2.7909171130201695e-9  1.1352021160427329e-11
2.7909181469371025e-9  1.1892313948734837e-11
2.7909191808540346e-9  1.1224776306885492e-11
2.7909202147709675e-9  9.933031361554981e-12
2.7909212486878996e-9  9.267297975244798e-12
2.7909222826048325e-9  8.371466433513155e-12
2.7909233165217655e-9  8.70541179887014e-12
2.7909243504386976e-9  9.662329607701015e-12
2.7909253843556305e-9  9.7937632304143e-12
2.7909264182725635e-9  8.92267451125323e-12
2.790927452189496e-9  9.219729746364367e-12
2.790928486106429e-9  9.49595520073124e-12
2.790929520023361e-9  9.341134355410373e-12
2.790930553940294e-9  9.1396423823834e-12
2.7909315878572265e-9  9.020392686606176e-12
2.790932621774159e-9  9.784058893745572e-12
2.7909336556910915e-9  1.0527699260938672e-11
2.790934689608024e-9  1.0902496557837957e-11
2.790935723524957e-9  1.1171365459664418e-11
2.7909367574418895e-9  1.0654717437246388e-11
2.790937791358822e-9  1.0749966895817597e-11
2.7909388252757545e-9  1.1505108797547792e-11
2.790939859192687e-9  1.1181948921078736e-11
2.79094089310962e-9  1.0578248612625323e-11
2.790941927026553e-9  1.0200684192765852e-11
2.7909429609434855e-9  9.4827939165818e-12
2.790943994860418e-9  9.494086665157477e-12
2.7909450287773505e-9  9.23491934138239e-12
2.7909460626942835e-9  8.673833007755549e-12
2.790947096611216e-9  9.349959555331788e-12
2.7909481305281485e-9  9.860741034604091e-12
2.790949164445081e-9  1.0374071116798826e-11
2.7909501983620135e-9  1.0784102844192356e-11
2.790951232278946e-9  1.0557059490602116e-11
2.790952266195879e-9  1.0543295763889365e-11
2.7909533001128115e-9  1.1583658241918372e-11
2.790954334029744e-9  1.3762163939660834e-11
2.7909553679466765e-9  1.4520758092461926e-11
2.7909564018636095e-9  1.3352281788188619e-11
2.7909574357805425e-9  1.2300774011361104e-11
2.790958469697475e-9  1.1881339714385863e-11
2.7909595036144075e-9  1.1312022008767019e-11
2.7909605375313404e-9  1.0778995900536883e-11
2.7909615714482725e-9  1.004382526663707e-11
2.7909626053652055e-9  1.0399577304638266e-11
2.790963639282138e-9  1.0639738014746384e-11
2.7909646731990705e-9  1.006833356897674e-11
2.7909657071160034e-9  9.92694673455836e-12
2.7909667410329355e-9  1.0461751314785267e-11
2.7909677749498685e-9  1.134702088568165e-11
2.790968808866801e-9  1.2331200147310244e-11
2.7909698427837335e-9  1.1917167107630579e-11
2.7909708767006665e-9  1.1561543626040487e-11
2.790971910617599e-9  1.2150936344132453e-11
2.790972944534532e-9  1.1577258569824884e-11
2.790973978451464e-9  1.080789451141944e-11
2.790975012368397e-9  1.121471705076763e-11
2.79097604628533e-9  1.09514867709795e-11
2.790977080202262e-9  1.1712899195592626e-11
2.790978114119195e-9  1.2015763800365888e-11
2.790979148036127e-9  1.246871971736844e-11
2.79098018195306e-9  1.1651197227429932e-11
2.790981215869993e-9  1.101437439985895e-11
2.790982249786925e-9  1.1176240243773472e-11
2.790983283703858e-9  1.2596141176754602e-11
2.790984317620791e-9  1.3026704978806258e-11
2.790985351537723e-9  1.3124084650616978e-11
2.790986385454656e-9  1.1866533406891423e-11
2.7909874193715885e-9  1.0320075422534936e-11
2.7909884532885214e-9  1.012349985350511e-11
2.790989487205454e-9  1.0871477330731422e-11
2.7909905211223864e-9  1.1635772098868632e-11
2.790991555039319e-9  1.1653164591403837e-11
2.7909925889562515e-9  1.1112760097908868e-11
2.7909936228731844e-9  1.0777206280348913e-11
2.790994656790117e-9  1.0078104247359829e-11
2.7909956907070494e-9  9.561920445589774e-12
2.790996724623982e-9  1.0859238536113904e-11
2.7909977585409145e-9  1.3443948434249049e-11
2.7909987924578474e-9  1.2167021917337284e-11
2.7909998263747804e-9  1.0837647639888262e-11
2.7910008602917125e-9  1.0674639849627465e-11
2.7910018942086454e-9  1.1038342488781677e-11
2.791002928125578e-9  1.112711288064675e-11
2.791003962042511e-9  1.0630452386769242e-11
2.7910049959594434e-9  1.0649482581576933e-11
2.791006029876376e-9  1.1150380726644656e-11
2.7910070637933084e-9  1.1587746860071493e-11
2.7910080977102414e-9  1.2171906866413235e-11
2.791009131627174e-9  1.3332497557631415e-11
2.7910101655441064e-9  1.3584302468397652e-11
2.791011199461039e-9  1.2596553066059107e-11
2.7910122333779714e-9  1.19198017539676e-11
2.7910132672949044e-9  1.131773750377278e-11
2.791014301211837e-9  1.0930059404844353e-11
2.79101533512877e-9  1.0024467366995873e-11
2.791016369045702e-9  1.0088708072549554e-11
2.791017402962635e-9  1.014349617970837e-11
2.791018436879568e-9  1.1032080864498035e-11
2.7910194707965e-9  1.167614882286266e-11
2.791020504713433e-9  1.1936479760953278e-11
2.7910215386303654e-9  1.0588803002803387e-11
2.791022572547298e-9  9.347846890394832e-12
2.791023606464231e-9  9.691350566290453e-12
2.791024640381163e-9  1.111098035906786e-11
2.791025674298096e-9  1.174716237720091e-11
2.7910267082150284e-9  1.1540125921827036e-11
2.791027742131961e-9  1.1126196774315202e-11
2.791028776048894e-9  9.608523958643411e-12
2.7910298099658264e-9  8.900151532458362e-12
2.7910308438827593e-9  9.149002842719053e-12
2.7910318777996914e-9  9.603054680764884e-12
2.7910329117166244e-9  9.936452411322483e-12
2.7910339456335573e-9  1.0242859899195754e-11
2.7910349795504894e-9  9.720075283853504e-12
2.7910360134674224e-9  9.473435196668283e-12
2.7910370473843544e-9  9.244001007645089e-12
2.7910380813012874e-9  9.911909558046713e-12
2.7910391152182203e-9  1.034141997540545e-11
2.7910401491351524e-9  1.032847439514987e-11
2.7910411830520854e-9  1.0019291228898583e-11
2.7910422169690174e-9  8.80343499303572e-12
2.7910432508859504e-9  8.541887583519993e-12
2.7910442848028834e-9  8.893002893341898e-12
2.791045318719816e-9  8.850913327734913e-12
2.791046352636749e-9  8.523816264528773e-12
2.7910473865536813e-9  8.415170272307522e-12
2.791048420470614e-9  8.347655045557535e-12
2.791049454387547e-9  8.43025855119092e-12
2.791050488304479e-9  8.374685436268973e-12
2.791051522221412e-9  8.324468405001875e-12
2.7910525561383444e-9  8.781864728291745e-12
2.791053590055277e-9  9.076334818641706e-12
2.7910546239722094e-9  9.510286335135303e-12
2.791055657889142e-9  9.743178655327453e-12
2.791056691806075e-9  9.298682722048103e-12
2.7910577257230074e-9  8.575405568323041e-12
2.79105875963994e-9  8.060187585952018e-12
2.791059793556873e-9  7.402768306221478e-12
2.791060827473806e-9  7.532407070069788e-12
2.7910618613907383e-9  8.231462063444524e-12
2.791062895307671e-9  8.088070039541545e-12
2.7910639292246033e-9  7.264839520041028e-12
2.791064963141536e-9  7.258632473270162e-12
2.791065997058469e-9  7.825493590036398e-12
2.7910670309754013e-9  8.166016490165469e-12
2.791068064892334e-9  7.397949727808672e-12
2.7910690988092663e-9  6.602699420764398e-12
2.791070132726199e-9  6.275500415352476e-12
2.791071166643132e-9  6.300270163942937e-12
2.7910722005600643e-9  6.54411029725273e-12
2.791073234476997e-9  6.418255221924816e-12
2.7910742683939294e-9  6.2323101324484026e-12
2.7910753023108623e-9  6.163276547068064e-12
2.7910763362277953e-9  6.233269911614492e-12
2.7910773701447273e-9  6.228981976787108e-12
2.7910784040616603e-9  6.799708818734817e-12
2.791079437978593e-9  7.2491221326104224e-12
2.7910804718955253e-9  7.13595830165016e-12
2.7910815058124583e-9  7.412254879294982e-12
2.7910825397293904e-9  7.39318425219105e-12
2.7910835736463233e-9  6.9196836360025235e-12
2.791084607563256e-9  6.8492146028410874e-12
2.7910856414801883e-9  6.916215228278791e-12
2.7910866753971213e-9  7.1545271199035134e-12
2.7910877093140534e-9  7.232365762748394e-12
2.7910887432309863e-9  7.098566554608065e-12
2.791089777147919e-9  7.322342866107999e-12
2.791090811064852e-9  7.494892637696871e-12
2.7910918449817848e-9  7.1460057785267966e-12
2.791092878898717e-9  6.961994872207791e-12
2.79109391281565e-9  7.0938799625260215e-12
2.791094946732582e-9  6.679884351420502e-12
2.791095980649515e-9  6.726049601993684e-12
2.7910970145664478e-9  7.639282786896327e-12
2.79109804848338e-9  8.782230639070627e-12
2.791099082400313e-9  9.95469789278111e-12
2.791100116317245e-9  1.0490041526931001e-11
2.791101150234178e-9  8.902396232352152e-12
2.7911021841511108e-9  7.969873159552581e-12
2.791103218068043e-9  8.044797768355838e-12
2.791104251984976e-9  8.645972897132112e-12
2.7911052859019088e-9  9.307312631496221e-12
2.7911063198188413e-9  8.984452450108176e-12
2.7911073537357742e-9  8.618550525324589e-12
2.7911083876527063e-9  8.984797801365859e-12
2.7911094215696393e-9  9.417083847467355e-12
2.7911104554865718e-9  9.507601395510543e-12
2.7911114894035043e-9  8.575394837724758e-12
2.7911125233204372e-9  8.197030699574567e-12
2.7911135572373693e-9  9.052853924065771e-12
2.7911145911543023e-9  1.0710552364074438e-11
2.791115625071235e-9  1.1433392002969221e-11
2.7911166589881673e-9  1.1717108040415037e-11
2.7911176929051003e-9  1.2500994821017326e-11
2.7911187268220323e-9  1.2995024715425468e-11
2.7911197607389653e-9  1.2601981698081896e-11
2.7911207946558982e-9  1.2286671292804212e-11
2.7911218285728308e-9  1.2194896916873648e-11
2.7911228624897633e-9  1.2150836117564233e-11
2.7911238964066962e-9  1.2665507871015481e-11
2.7911249303236287e-9  1.188271688707834e-11
2.7911259642405613e-9  1.044112158519374e-11
2.7911269981574938e-9  9.443570269150476e-12
2.7911280320744263e-9  9.98987167688865e-12
2.7911290659913592e-9  1.0790474798401897e-11
2.7911300999082918e-9  1.1038360456375277e-11
2.7911311338252243e-9  9.633374850288586e-12
2.7911321677421568e-9  9.028153293812969e-12
2.7911332016590897e-9  9.400384721424447e-12
2.7911342355760222e-9  9.819753739986314e-12
2.7911352694929548e-9  9.700800425427733e-12
2.7911363034098877e-9  9.906647598350682e-12
2.7911373373268202e-9  1.0101014182293897e-11
2.7911383712437527e-9  1.0155757141549596e-11
2.7911394051606857e-9  1.0367616741037415e-11
2.7911404390776178e-9  1.0247176534161175e-11
2.7911414729945507e-9  9.219297369924637e-12
2.7911425069114832e-9  8.913393792797402e-12
2.7911435408284158e-9  8.978480400888955e-12
2.7911445747453487e-9  9.459669894015129e-12
2.791145608662281e-9  9.073854285395397e-12
2.7911466425792137e-9  9.19581653010516e-12
2.7911476764961463e-9  1.0285017639358382e-11
2.791148710413079e-9  1.0428218794000183e-11
2.7911497443300117e-9  9.159483217831708e-12
2.7911507782469442e-9  8.812539056793572e-12
2.791151812163877e-9  8.92557300504717e-12
2.79115284608081e-9  8.332157297470625e-12
2.7911538799977422e-9  8.42797149628089e-12
2.791154913914675e-9  8.60868622029509e-12
2.7911559478316073e-9  8.364334004212807e-12
2.79115698174854e-9  8.697998900703845e-12
2.7911580156654727e-9  9.252985201113971e-12
2.7911590495824052e-9  9.411096223239477e-12
2.791160083499338e-9  9.536547147921037e-12
2.7911611174162703e-9  9.30429786721043e-12
2.7911621513332032e-9  9.036272359439165e-12
2.791163185250136e-9  8.06633860519823e-12
2.7911642191670687e-9  7.284225628301877e-12
2.791165253084001e-9  7.750522089251667e-12
2.7911662870009337e-9  8.098828804211773e-12
2.7911673209178667e-9  8.033127080614674e-12
2.791168354834799e-9  8.045871547120144e-12
2.7911693887517317e-9  8.284855183045756e-12
2.7911704226686647e-9  8.411682306021267e-12
2.7911714565855967e-9  8.586391324479774e-12
2.7911724905025297e-9  9.148821714058646e-12
2.791173524419462e-9  1.0212800396937248e-11
2.7911745583363947e-9  1.0310864423750652e-11
2.7911755922533272e-9  1.0614046928919124e-11
2.7911766261702597e-9  9.806469054189302e-12
2.7911776600871927e-9  9.627837378258849e-12
2.7911786940041257e-9  9.552951215164096e-12
2.791179727921058e-9  8.90567205745249e-12
2.7911807618379907e-9  8.137165043006966e-12
2.7911817957549236e-9  8.291973145316936e-12
2.791182829671856e-9  8.250465906721288e-12
2.7911838635887887e-9  8.890709789815061e-12
2.791184897505721e-9  9.457476718232854e-12
2.7911859314226537e-9  8.659625676713922e-12
2.7911869653395867e-9  8.247506044794252e-12
2.791187999256519e-9  8.451103130503097e-12
2.7911890331734517e-9  8.816934225296591e-12
2.791190067090384e-9  9.215169650478527e-12
2.7911911010073167e-9  9.185954406493258e-12
2.7911921349242497e-9  8.465293095321485e-12
2.791193168841182e-9  8.374654528981872e-12
2.791194202758115e-9  8.90759551706266e-12
2.7911952366750477e-9  9.065642325902255e-12
2.79119627059198e-9  8.33160734310736e-12
2.791197304508913e-9  7.941670431488847e-12
2.791198338425845e-9  8.475437900552031e-12
2.791199372342778e-9  8.733560395476138e-12
2.7912004062597107e-9  8.56432493720629e-12
2.791201440176643e-9  8.549221100095833e-12
2.791202474093576e-9  8.858203199032771e-12
2.791203508010508e-9  8.767915932120011e-12
2.791204541927441e-9  8.908575379115185e-12
2.791205575844374e-9  9.579689411947289e-12
2.791206609761306e-9  9.438962704955966e-12
2.791207643678239e-9  8.8359669208838e-12
2.7912086775951717e-9  8.196780785189027e-12
2.7912097115121046e-9  8.275990765575176e-12
2.791210745429037e-9  8.105541935814148e-12
2.7912117793459696e-9  7.955294525425996e-12
2.7912128132629026e-9  7.833999613634517e-12
2.7912138471798347e-9  7.701908067485612e-12
2.7912148810967676e-9  7.696424715395874e-12
2.7912159150137e-9  7.736604516543026e-12
2.7912169489306327e-9  8.09831700699278e-12
2.7912179828475656e-9  8.522158028245523e-12
2.7912190167644977e-9  8.348049557148289e-12
2.7912200506814306e-9  8.337701027602802e-12
2.791221084598363e-9  8.147432045633137e-12
2.7912221185152957e-9  7.455540563083905e-12
2.7912231524322286e-9  6.762336334652128e-12
2.791224186349161e-9  6.428646480773846e-12
2.791225220266094e-9  6.557801779824414e-12
2.7912262541830266e-9  6.6603677035248275e-12
2.791227288099959e-9  6.921248212747775e-12
2.791228322016892e-9  7.089204076656187e-12
2.791229355933824e-9  7.42006793739696e-12
2.791230389850757e-9  8.134126364294541e-12
2.7912314237676896e-9  7.71101527325521e-12
2.791232457684622e-9  7.647905322523965e-12
2.791233491601555e-9  7.82619504634319e-12
2.791234525518487e-9  7.3478118166072e-12
2.79123555943542e-9  6.754655553815904e-12
2.7912365933523526e-9  6.739753898240104e-12
2.791237627269285e-9  6.64335815540771e-12
2.791238661186218e-9  6.52199651838629e-12
2.791239695103151e-9  6.4322158057212054e-12
2.7912407290200836e-9  6.6776222106305436e-12
2.791241762937016e-9  7.051124057970339e-12
2.7912427968539486e-9  6.679000850868436e-12
2.791243830770881e-9  6.421823453504978e-12
2.791244864687814e-9  6.516720930936062e-12
2.7912458986047466e-9  6.6717370174743664e-12
2.791246932521679e-9  6.8513686491173265e-12
2.7912479664386116e-9  6.785444510244729e-12
2.791249000355544e-9  6.9938821720183105e-12
2.791250034272477e-9  7.2493164735905315e-12
2.7912510681894096e-9  7.637572716354385e-12
2.791252102106342e-9  7.460819791717325e-12
2.7912531360232746e-9  6.884587628966523e-12
2.7912541699402076e-9  6.938230099736893e-12
2.7912552038571405e-9  7.215442746797377e-12
2.7912562377740726e-9  7.15695988268525e-12
2.7912572716910056e-9  7.055345923306424e-12
2.7912583056079385e-9  6.7961004574656414e-12
2.7912593395248706e-9  7.1745692188159256e-12
2.7912603734418036e-9  7.644894303585478e-12
2.7912614073587356e-9  7.371738170206589e-12
2.7912624412756686e-9  7.2411485573597455e-12
2.7912634751926015e-9  6.9043007107915634e-12
2.7912645091095336e-9  6.925031482688027e-12
2.7912655430264666e-9  7.06121837079753e-12
2.791266576943399e-9  7.783314127723629e-12
2.7912676108603316e-9  7.954453162414494e-12
2.7912686447772646e-9  7.540536820337426e-12
2.791269678694197e-9  7.430345669971855e-12
2.79127071261113e-9  7.0021543754598645e-12
2.791271746528062e-9  6.817486150963898e-12
2.791272780444995e-9  7.070201665060282e-12
2.791273814361928e-9  7.401537415042716e-12
2.79127484827886e-9  7.497737389673864e-12
2.791275882195793e-9  7.971555106074214e-12
2.791276916112725e-9  7.691460777272834e-12
2.791277950029658e-9  7.200546779878952e-12
2.7912789839465906e-9  7.689007266518469e-12
2.791280017863523e-9  7.828016761357128e-12
2.791281051780456e-9  7.466522047187912e-12
2.7912820856973886e-9  7.413740981929777e-12
2.791283119614321e-9  7.78964078474918e-12
2.791284153531254e-9  8.16243770405779e-12
2.7912851874481865e-9  8.097321450622704e-12
2.7912862213651195e-9  8.070613404034969e-12
2.7912872552820516e-9  7.644015150115138e-12
2.7912882891989845e-9  7.0474530708499646e-12
2.791289323115917e-9  6.920169385025594e-12
2.7912903570328496e-9  7.320041496520245e-12
2.7912913909497825e-9  7.695799585548208e-12
2.7912924248667146e-9  7.512212690805724e-12
2.7912934587836475e-9  7.597806650310597e-12
2.79129449270058e-9  7.83301082792107e-12
2.7912955266175126e-9  7.617916151592467e-12
2.7912965605344455e-9  7.5161855915247e-12
2.7912975944513785e-9  7.087789641686632e-12
2.7912986283683106e-9  7.23296128077545e-12
2.7912996622852435e-9  7.45966174767252e-12
2.791300696202176e-9  6.953797105167182e-12
2.7913017301191085e-9  6.745659563442675e-12
2.7913027640360415e-9  6.930514344879336e-12
2.791303797952974e-9  7.263985182679046e-12
2.7913048318699065e-9  7.05089428292127e-12
2.791305865786839e-9  7.047617722456848e-12
2.7913068997037715e-9  7.609426388258372e-12
2.7913079336207045e-9  8.181338192366166e-12
2.791308967537637e-9  8.610010078953964e-12
2.7913100014545695e-9  8.439418114926318e-12
2.791311035371502e-9  8.343482232270095e-12
2.791312069288435e-9  8.98686123923346e-12
2.791313103205368e-9  9.378555603970298e-12
2.7913141371223e-9  8.42856199259527e-12
2.791315171039233e-9  7.809587953881296e-12
2.791316204956166e-9  7.633359387051227e-12
2.791317238873098e-9  7.669065448018749e-12
2.791318272790031e-9  7.646462761329281e-12
2.791319306706963e-9  7.895001344762404e-12
2.791320340623896e-9  8.07996492724023e-12
2.791321374540829e-9  8.452512072181076e-12
2.791322408457761e-9  8.82964054821657e-12
2.791323442374694e-9  9.022336546037338e-12
2.791324476291626e-9  8.628051494064898e-12
2.791325510208559e-9  8.095408604483373e-12
2.791326544125492e-9  8.276995987855244e-12
2.7913275780424245e-9  8.160696584025372e-12
2.7913286119593574e-9  7.797003563469398e-12
2.7913296458762895e-9  8.346324346526669e-12
2.7913306797932225e-9  9.659011292270432e-12
2.7913317137101554e-9  1.1032990253732433e-11
2.7913327476270875e-9  1.1099882330344923e-11
2.7913337815440205e-9  1.079282981382556e-11
2.7913348154609525e-9  1.0909177752693272e-11
2.7913358493778855e-9  1.0496740669761254e-11
2.791336883294818e-9  9.853633914023598e-12
2.7913379172117505e-9  9.829609894928224e-12
2.7913389511286835e-9  1.000081123387947e-11
2.7913399850456155e-9  9.251683461719002e-12
2.7913410189625485e-9  8.881271762158395e-12
2.7913420528794815e-9  9.680995212087647e-12
2.791343086796414e-9  1.062868859444835e-11
2.7913441207133465e-9  1.2283149918888263e-11
2.791345154630279e-9  1.3297383077027319e-11
2.791346188547212e-9  1.314001710735092e-11
2.7913472224641445e-9  1.2373364439287784e-11
2.791348256381077e-9  1.1159890191563698e-11
2.79134929029801e-9  1.0532903974504474e-11
2.791350324214942e-9  1.0685495492694596e-11
2.791351358131875e-9  1.1112223376536755e-11
2.7913523920488075e-9  1.0781003087652948e-11
2.79135342596574e-9  1.0867944372645095e-11
2.791354459882673e-9  1.2104322746640928e-11
2.7913554937996055e-9  1.2469755880347009e-11
2.791356527716538e-9  1.2020067278514623e-11
2.791357561633471e-9  1.1582947796183061e-11
2.7913585955504034e-9  1.122586490203421e-11
2.791359629467336e-9  1.1514985058428327e-11
2.791360663384269e-9  1.0798235324932998e-11
2.7913616973012014e-9  1.045886493036672e-11
2.791362731218134e-9  1.0237166215359502e-11
2.7913637651350665e-9  1.065470157288994e-11
2.791364799051999e-9  1.1167403912117568e-11
2.791365832968932e-9  1.1104806466552537e-11
2.7913668668858644e-9  1.1466315568772241e-11
2.791367900802797e-9  1.1520309403784828e-11
2.7913689347197295e-9  1.0419882669674752e-11
2.791369968636662e-9  1.074883348808278e-11
2.791371002553595e-9  1.1537762197067763e-11
2.7913720364705275e-9  1.1571228125291294e-11
2.7913730703874604e-9  1.1493473739968373e-11
2.7913741043043934e-9  1.1157552658812232e-11
2.7913751382213254e-9  1.1077178880928065e-11
2.7913761721382584e-9  1.1456340747371105e-11
2.7913772060551905e-9  1.2138797046221533e-11
2.7913782399721234e-9  1.195164790213092e-11
2.7913792738890564e-9  1.1766141544013481e-11
2.7913803078059884e-9  1.2013034321135241e-11
2.7913813417229214e-9  1.2364255402457002e-11
2.7913823756398535e-9  1.3377208761377959e-11
2.7913834095567864e-9  1.296244234197961e-11
2.7913844434737194e-9  1.2148752685891509e-11
2.7913854773906515e-9  1.1784418723846535e-11
2.7913865113075844e-9  1.1542922131048728e-11
2.791387545224517e-9  1.0306321454669063e-11
2.79138857914145e-9  1.0047528519633473e-11
2.791389613058383e-9  1.0475113432829022e-11
2.791390646975315e-9  1.0599061230193585e-11
2.791391680892248e-9  1.0452250364337788e-11
2.79139271480918e-9  1.1689340880109225e-11
2.791393748726113e-9  1.1489383683489685e-11
2.791394782643046e-9  1.0851081013849747e-11
2.791395816559978e-9  1.129224936694763e-11
2.791396850476911e-9  1.1806969860449061e-11
2.791397884393843e-9  1.2124211307786227e-11
2.791398918310776e-9  1.1466066538231384e-11
2.791399952227709e-9  1.1261941262752145e-11
2.791400986144641e-9  1.0595590383583308e-11
2.791402020061574e-9  1.0987514980074441e-11
2.791403053978507e-9  1.0251465944699937e-11
2.7914040878954394e-9  9.744183842098927e-12
2.791405121812372e-9  8.688868135722049e-12
2.7914061557293044e-9  8.353349649675881e-12
2.7914071896462374e-9  8.572040209700886e-12
2.79140822356317e-9  9.281860479008302e-12
2.7914092574801024e-9  8.682529648080381e-12
2.791410291397035e-9  8.32305335476816e-12
2.7914113253139674e-9  8.616520843639252e-12
2.7914123592309004e-9  8.835978427852458e-12
2.791413393147833e-9  9.19271992289001e-12
2.7914144270647654e-9  9.292512410784022e-12
2.7914154609816983e-9  8.509100686340297e-12
2.7914164948986304e-9  8.945861432353842e-12
2.7914175288155634e-9  9.982045715431604e-12
2.7914185627324963e-9  1.0233363810552083e-11
2.791419596649429e-9  9.395587074549607e-12
2.7914206305663614e-9  9.355511482330625e-12
2.791421664483294e-9  9.573759304443606e-12
2.7914226984002264e-9  9.854404964093085e-12
2.7914237323171593e-9  1.1100130907905128e-11
2.791424766234092e-9  1.33136644018382e-11
2.7914258001510244e-9  1.6439914457377825e-11
2.791426834067957e-9  1.3760143708151379e-11
2.7914278679848894e-9  8.844143270756583e-12
2.7914289019018224e-9  7.865718901105632e-12
2.791429935818755e-9  7.51032293831937e-12
2.791430969735688e-9  6.9844070697177596e-12
2.79143200365262e-9  6.815107474885636e-12
2.791433037569553e-9  6.850394356803177e-12
2.791434071486486e-9  6.472779857617023e-12
2.7914351054034183e-9  6.580912171694157e-12
2.791436139320351e-9  7.33325288592589e-12
2.791437173237284e-9  7.834559397225123e-12
2.791438207154216e-9  8.893127361655235e-12
2.791439241071149e-9  1.863883380876478e-11
2.791440274988081e-9  1.9245356704099568e-11
2.791441308905014e-9  1.7276082179276445e-11
2.791442342821947e-9  1.4766460527547072e-11
2.791443376738879e-9  1.5633160819367617e-11
2.791444410655812e-9  1.7356719146457618e-11
2.7914454445727443e-9  1.3986578671083814e-11
2.7914464784896773e-9  1.3829157767184308e-11
2.79144751240661e-9  1.5911307305062024e-11
2.7914485463235423e-9  1.6135571596978453e-11
2.7914495802404753e-9  1.7633772044907604e-11
2.7914506141574074e-9  2.003823154617272e-11
2.7914516480743403e-9  2.0786755951562454e-11
2.7914526819912733e-9  1.7673638411984767e-11
2.7914537159082053e-9  1.6783214765187125e-11
2.7914547498251383e-9  1.6915110257969764e-11
2.7914557837420704e-9  1.3600994739019332e-11
2.7914568176590033e-9  1.1047466308841995e-11
2.791457851575936e-9  1.0815031900231631e-11
2.7914588854928684e-9  1.1057891742380907e-11
2.7914599194098013e-9  1.1653887788940296e-11
2.7914609533267343e-9  1.2267523290100222e-11
2.791461987243667e-9  1.4105270874354587e-11
2.7914630211605993e-9  1.7105231748766472e-11
2.791464055077532e-9  1.494760316965804e-11
2.7914650889944648e-9  1.2526176987889754e-11
2.7914661229113973e-9  1.2478574020576241e-11
2.79146715682833e-9  1.2953872504058454e-11
2.7914681907452623e-9  1.3319909861397858e-11
2.791469224662195e-9  1.266289777617989e-11
2.791470258579128e-9  1.1873758159337685e-11
2.7914712924960603e-9  1.0652375135513062e-11
2.791472326412993e-9  1.0708035118956497e-11
2.7914733603299253e-9  1.1307665033682868e-11
2.791474394246858e-9  1.2080524282379907e-11
2.791475428163791e-9  1.1948022586330393e-11
2.7914764620807238e-9  1.1199933999396743e-11
2.791477495997656e-9  1.3544038157306422e-11
2.791478529914589e-9  1.570788026570511e-11
2.7914795638315213e-9  1.8359774745913814e-11
2.7914795638315213e-9  1

