# CAPP 12T Magnet. Run 4, 5 and 6, 2024.
# frequency (mass) range of 1.025 GHz (4.24 ueV) to 1.185 GHz (4.91 ueV)
# https://inspirehep.net/literature/2759938
# m_a [eV]  g_ap [GeV^-1]
4.245120e-06 1.000000e+00
4.245810e-06 1.821705e-15
4.246930e-06 1.935758e-15
4.247710e-06 1.878917e-15
4.248660e-06 1.816006e-15
4.250050e-06 1.933159e-15
4.250580e-06 1.829036e-15
4.252300e-06 1.803197e-15
4.254030e-06 1.831676e-15
4.255250e-06 1.934284e-15
4.255390e-06 1.892224e-15
4.256630e-06 1.783470e-15
4.258360e-06 1.888091e-15
4.259750e-06 1.861506e-15
4.260880e-06 1.804995e-15
4.261830e-06 1.916185e-15
4.262520e-06 1.964891e-15
4.263730e-06 1.842805e-15
4.265180e-06 1.828696e-15
4.266380e-06 1.830311e-15
4.267890e-06 1.821365e-15
4.268760e-06 1.924268e-15
4.269450e-06 2.003720e-15
4.270060e-06 1.953448e-15
4.271010e-06 1.848190e-15
4.272160e-06 1.000000e+00
4.288700e-06 1.000000e+00
4.289460e-06 1.943176e-15
4.290080e-06 1.961536e-15
4.291620e-06 1.887342e-15
4.292750e-06 1.923835e-15
4.293620e-06 1.803863e-15
4.294310e-06 1.882025e-15
4.294830e-06 2.030637e-15
4.295130e-06 1.955537e-15
4.296470e-06 1.868464e-15
4.297770e-06 1.882541e-15
4.298810e-06 1.968392e-15
4.299770e-06 2.049661e-15
4.300200e-06 1.992274e-15
4.300370e-06 1.904716e-15
4.300550e-06 1.824659e-15
4.301350e-06 1.770730e-15
4.302710e-06 1.856390e-15
4.304010e-06 1.860214e-15
4.305140e-06 1.794021e-15
4.306170e-06 1.921076e-15
4.306430e-06 1.852228e-15
4.307210e-06 1.776072e-15
4.308170e-06 1.833271e-15
4.309470e-06 1.891804e-15
4.310770e-06 1.957371e-15
4.312240e-06 1.820580e-15
4.313710e-06 1.786826e-15
4.315180e-06 1.908257e-15
4.316910e-06 1.925867e-15
4.318300e-06 1.896728e-15
4.320900e-06 7.813536e-16
4.322630e-06 7.353529e-16
4.323580e-06 6.738380e-16
4.325400e-06 6.962806e-16
4.327140e-06 7.028624e-16
4.328430e-06 7.386077e-16
4.329300e-06 6.631333e-16
4.330080e-06 6.735899e-16
4.330950e-06 7.212203e-16
4.332330e-06 6.608201e-16
4.334060e-06 6.777424e-16
4.335800e-06 6.744797e-16
4.337530e-06 7.212219e-16
4.339260e-06 6.942181e-16
4.340990e-06 7.015730e-16
4.342730e-06 6.874380e-16
4.344460e-06 6.411645e-16
4.345930e-06 6.191174e-16
4.347400e-06 6.628643e-16
4.349130e-06 6.517333e-16
4.350870e-06 6.226043e-16
4.352600e-06 6.373008e-16
4.354160e-06 5.949338e-16
4.355020e-06 6.660533e-16
4.356060e-06 5.984911e-16
4.357710e-06 5.988022e-16
4.359010e-06 6.510147e-16
4.360390e-06 5.957851e-16
4.362130e-06 6.214253e-16
4.363860e-06 6.285317e-16
4.365590e-06 5.936994e-16
4.367320e-06 5.997837e-16
4.369060e-06 6.119823e-16
4.370790e-06 6.308030e-16
4.372520e-06 6.012620e-16
4.374250e-06 6.012451e-16
4.375980e-06 6.144763e-16
4.377370e-06 6.622547e-16
4.378760e-06 6.010997e-16
4.380400e-06 6.529334e-16
4.381790e-06 5.994382e-16
4.382570e-06 6.626138e-16
4.383610e-06 6.032971e-16
4.385340e-06 6.055782e-16
4.387070e-06 6.017300e-16
4.388800e-06 5.748786e-16
4.390540e-06 6.050181e-16
4.392270e-06 5.883767e-16
4.394000e-06 5.921902e-16
4.395730e-06 6.479653e-16
4.397460e-06 6.011063e-16
4.399200e-06 5.708611e-16
4.400930e-06 5.767238e-16
4.402660e-06 5.546468e-16
4.404390e-06 5.525569e-16
4.406130e-06 6.074231e-16
4.407860e-06 5.755784e-16
4.409590e-06 5.973725e-16
4.411320e-06 5.747460e-16
4.413060e-06 5.816536e-16
4.414790e-06 5.937068e-16
4.416520e-06 5.389054e-16
4.418250e-06 5.550672e-16
4.419980e-06 5.812789e-16
4.421110e-06 6.032239e-16
4.422240e-06 6.902436e-16
4.423970e-06 6.557348e-16
4.425700e-06 6.998009e-16
4.427430e-06 7.384900e-16
4.429170e-06 7.284596e-16
4.430900e-06 7.060386e-16
4.432540e-06 6.939701e-16
4.434190e-06 6.433085e-16
4.435920e-06 6.691283e-16
4.437650e-06 7.102188e-16
4.439390e-06 6.425100e-16
4.441120e-06 6.833619e-16
4.442590e-06 6.546871e-16
4.444760e-06 6.733111e-16
4.446490e-06 7.214740e-16
4.448220e-06 6.961088e-16
4.449950e-06 6.629531e-16
4.451340e-06 6.812186e-16
4.452720e-06 6.239552e-16
4.454460e-06 6.457278e-16
4.456190e-06 6.540271e-16
4.457490e-06 6.858808e-16
4.458530e-06 6.121621e-16
4.460000e-06 6.514661e-16
4.461730e-06 6.821185e-16
4.463380e-06 7.002416e-16
4.465020e-06 6.100813e-16
4.465980e-06 5.972101e-16
4.466930e-06 5.304907e-16
4.468660e-06 5.213291e-16
4.470390e-06 4.934179e-16
4.472130e-06 5.110571e-16
4.473730e-06 5.285631e-16
4.475120e-06 5.170735e-16
4.476800e-06 4.829164e-16
4.478530e-06 4.771051e-16
4.480270e-06 5.185090e-16
4.482000e-06 5.145336e-16
4.483730e-06 5.121215e-16
4.485460e-06 4.927308e-16
4.487200e-06 4.858668e-16
4.488930e-06 4.962481e-16
4.490660e-06 5.184041e-16
4.492390e-06 4.924453e-16
4.494130e-06 5.130476e-16
4.495860e-06 5.352353e-16
4.497590e-06 5.097764e-16
4.498630e-06 5.347795e-16
4.500130e-06 1.000000e+00
4.500540e-06 1.000000e+00
4.502150e-06 6.152179e-16
4.503480e-06 5.891132e-16
4.505210e-06 5.704517e-16
4.506860e-06 5.356121e-16
4.508500e-06 4.112541e-16
4.510240e-06 3.885641e-16
4.511970e-06 4.252319e-16
4.513700e-06 4.043693e-16
4.515430e-06 3.890112e-16
4.517160e-06 4.004702e-16
4.518900e-06 3.998354e-16
4.520630e-06 4.168355e-16
4.522360e-06 3.946118e-16
4.523490e-06 3.968172e-16
4.524610e-06 4.008678e-16
4.525650e-06 4.536642e-16
4.525960e-06 1.000000e+00
4.526360e-06 1.000000e+00
4.527470e-06 5.911971e-16
4.528420e-06 4.939342e-16
4.529810e-06 4.013285e-16
4.531540e-06 4.101893e-16
4.533270e-06 3.997871e-16
4.535010e-06 3.690447e-16
4.536740e-06 3.694498e-16
4.538470e-06 4.158373e-16
4.540200e-06 3.945822e-16
4.541940e-06 4.174775e-16
4.543670e-06 4.099645e-16
4.545400e-06 3.751834e-16
4.547130e-06 3.912131e-16
4.548860e-06 3.683175e-16
4.550600e-06 3.740227e-16
4.552330e-06 3.829124e-16
4.554060e-06 3.878312e-16
4.555710e-06 3.772433e-16
4.557470e-06 3.249626e-16
4.558910e-06 3.932882e-16
4.560640e-06 4.077775e-16
4.562380e-06 3.821637e-16
4.564110e-06 4.059620e-16
4.565840e-06 4.063812e-16
4.567570e-06 4.137167e-16
4.569310e-06 3.976438e-16
4.571040e-06 4.174907e-16
4.572770e-06 4.152526e-16
4.574500e-06 4.082179e-16
4.576230e-06 3.937167e-16
4.577970e-06 3.800046e-16
4.579700e-06 4.001481e-16
4.581430e-06 4.208410e-16
4.583160e-06 4.185977e-16
4.584900e-06 4.398475e-16
4.586630e-06 4.376101e-16
4.588360e-06 4.254850e-16
4.590090e-06 4.125491e-16
4.591820e-06 4.897084e-16
4.593560e-06 4.810673e-16
4.595290e-06 4.989084e-16
4.596670e-06 5.125308e-16
4.597710e-06 5.960856e-16
4.599100e-06 5.073563e-16
4.600830e-06 5.348731e-16
4.602560e-06 5.474024e-16
4.604300e-06 5.409065e-16
4.606030e-06 5.129486e-16
4.607760e-06 4.903353e-16
4.609320e-06 5.036525e-16
4.610880e-06 5.239596e-16
4.612610e-06 5.198589e-16
4.614340e-06 5.009767e-16
4.616080e-06 5.570736e-16
4.617810e-06 5.406112e-16
4.619540e-06 5.437726e-16
4.621270e-06 5.122236e-16
4.622660e-06 4.947922e-16
4.624040e-06 6.269631e-16
4.625780e-06 6.767579e-16
4.627510e-06 7.047676e-16
4.629240e-06 6.883154e-16
4.630970e-06 6.702373e-16
4.632710e-06 6.356918e-16
4.634000e-06 6.358688e-16
4.636340e-06 6.534655e-16
4.638080e-06 7.215025e-16
4.641540e-06 2.949970e-15
4.642670e-06 2.800911e-15
4.643790e-06 2.819352e-15
4.645000e-06 2.667269e-15
4.646130e-06 2.762336e-15
4.647080e-06 2.842999e-15
4.648470e-06 2.727455e-15
4.649680e-06 2.781638e-15
4.650720e-06 2.691884e-15
4.652190e-06 2.760946e-15
4.653060e-06 2.930647e-15
4.653580e-06 3.126617e-15
4.654190e-06 3.037051e-15
4.654450e-06 2.936945e-15
4.654710e-06 2.842244e-15
4.655570e-06 2.744500e-15
4.657040e-06 2.784314e-15
4.658690e-06 2.861224e-15
4.659640e-06 2.923940e-15
4.660340e-06 2.806142e-15
4.661630e-06 2.927904e-15
4.662410e-06 3.061420e-15
4.663190e-06 3.192609e-15
4.664490e-06 3.079473e-15
4.665620e-06 3.144577e-15
4.666230e-06 3.034041e-15
4.666830e-06 2.954720e-15
4.667440e-06 3.015802e-15
4.667610e-06 3.086581e-15
4.668390e-06 1.000000e+00
4.694220e-06 1.000000e+00
4.694630e-06 1.122571e-15
4.695590e-06 1.033941e-15
4.697060e-06 1.075485e-15
4.698190e-06 1.018099e-15
4.699570e-06 1.066563e-15
4.701150e-06 1.084093e-15
4.701740e-06 1.143437e-15
4.702600e-06 1.057197e-15
4.703640e-06 1.151569e-15
4.704770e-06 1.039385e-15
4.705980e-06 1.173699e-15
4.707190e-06 1.210541e-15
4.708060e-06 1.117561e-15
4.708670e-06 1.032707e-15
4.709880e-06 9.525265e-16
4.711260e-06 1.011720e-15
4.712130e-06 9.163971e-16
4.712650e-06 8.177074e-16
4.713780e-06 7.305325e-16
4.715510e-06 6.978504e-16
4.716720e-06 6.925341e-16
4.717930e-06 8.105691e-16
4.719670e-06 7.891559e-16
4.721310e-06 7.755337e-16
4.722960e-06 9.170355e-16
4.724080e-06 9.453122e-16
4.724950e-06 8.747391e-16
4.726160e-06 9.952655e-16
4.727550e-06 9.512049e-16
4.729020e-06 9.228979e-16
4.730580e-06 8.480000e-16
4.732220e-06 8.942805e-16
4.733870e-06 1.028866e-15
4.735340e-06 1.064947e-15
4.736640e-06 9.523077e-16
4.738200e-06 9.997291e-16
4.739930e-06 9.355103e-16
4.741660e-06 9.151486e-16
4.743220e-06 9.222120e-16
4.744780e-06 9.903457e-16
4.745910e-06 1.019690e-15
4.746690e-06 9.641186e-16
4.747990e-06 8.720700e-16
4.748940e-06 9.461372e-16
4.749290e-06 1.029173e-15
4.750330e-06 1.131190e-15
4.751280e-06 1.058652e-15
4.751450e-06 9.646219e-16
4.752400e-06 8.632567e-16
4.753960e-06 9.163432e-16
4.754830e-06 9.514654e-16
4.755180e-06 7.674060e-16
4.756220e-06 6.398999e-16
4.757950e-06 6.307129e-16
4.759680e-06 6.173621e-16
4.761410e-06 6.286766e-16
4.763140e-06 6.333425e-16
4.764880e-06 6.063832e-16
4.766610e-06 6.418524e-16
4.768340e-06 6.104332e-16
4.770070e-06 6.287085e-16
4.771810e-06 7.009020e-16
4.773540e-06 6.853165e-16
4.775270e-06 6.513605e-16
4.777000e-06 6.777445e-16
4.778740e-06 6.579555e-16
4.780470e-06 6.403790e-16
4.782200e-06 6.071951e-16
4.783930e-06 6.556059e-16
4.785660e-06 6.580726e-16
4.787400e-06 6.443737e-16
4.789130e-06 6.420963e-16
4.790860e-06 6.440021e-16
4.792590e-06 6.302814e-16
4.794330e-06 6.316267e-16
4.796060e-06 6.338097e-16
4.797270e-06 6.394170e-16
4.798480e-06 6.891712e-16
4.800220e-06 6.723757e-16
4.801950e-06 6.603126e-16
4.803680e-06 6.571938e-16
4.804980e-06 6.727612e-16
4.806280e-06 7.241573e-16
4.808010e-06 6.639454e-16
4.809740e-06 6.994754e-16
4.811470e-06 7.627644e-16
4.812770e-06 7.231699e-16
4.814070e-06 6.574942e-16
4.815810e-06 6.052934e-16
4.817540e-06 6.910694e-16
4.819270e-06 6.997330e-16
4.820740e-06 6.831440e-16
4.821780e-06 8.441354e-16
4.821960e-06 7.440187e-16
4.823250e-06 6.607135e-16
4.824990e-06 6.615140e-16
4.826720e-06 6.749575e-16
4.828450e-06 6.774537e-16
4.830180e-06 6.616628e-16
4.831920e-06 6.644337e-16
4.833650e-06 6.784662e-16
4.835380e-06 7.184068e-16
4.836590e-06 7.157690e-16
4.837810e-06 6.252421e-16
4.838840e-06 6.231216e-16
4.839880e-06 1.000000e+00
4.841490e-06 1.000000e+00
4.843350e-06 6.792607e-16
4.845080e-06 6.670894e-16
4.846990e-06 7.540007e-16
4.848720e-06 6.924338e-16
4.850450e-06 6.387384e-16
4.852180e-06 6.251214e-16
4.853920e-06 6.440002e-16
4.855390e-06 6.508995e-16
4.857730e-06 6.232910e-16
4.859460e-06 6.571853e-16
4.861190e-06 6.172245e-16
4.862400e-06 6.275711e-16
4.862880e-06 1.000000e+00
4.864090e-06 1.000000e+00
4.865000e-06 5.712497e-16
4.865220e-06 6.166032e-16
4.866910e-06 6.281532e-16
4.868640e-06 6.612616e-16
4.870370e-06 6.050608e-16
4.872100e-06 6.560573e-16
4.873840e-06 6.594140e-16
4.875570e-06 6.204697e-16
4.877300e-06 6.093298e-16
4.879030e-06 6.248878e-16
4.880770e-06 6.577934e-16
4.882500e-06 5.806968e-16
4.884230e-06 6.349389e-16
4.885960e-06 6.377241e-16
4.887690e-06 6.678331e-16
4.889430e-06 6.273584e-16
4.891160e-06 6.606176e-16
4.892280e-06 6.808049e-16
4.892740e-06 1.000000e+00
