# "IAXO+" improved projection
# corresponds to an improvement of a factor 10 better SNR over nominal IAXO projection
#
1e-15        1
1e-15        2.647463E-12
0.000100	2.647463E-12
0.000200	2.647463E-12
0.000300	2.647463E-12
0.000400	2.647463E-12
0.000500	2.647463E-12
0.000600	2.647463E-12
0.000700	2.647463E-12
0.000800	2.647271E-12
0.000900	2.647271E-12
0.001000	2.647271E-12
0.002000	2.647080E-12
0.003000	2.648228E-12
0.004000	2.652808E-12
0.005000	2.663213E-12
0.006000	2.681825E-12
0.007000	2.711178E-12
0.008000	2.752305E-12
0.009000	2.806892E-12
0.010000	2.876400E-12
0.011000	2.961793E-12
0.012000	3.064242E-12
0.013000	3.183094E-12
0.014000	3.317927E-12
0.015000	3.467081E-12
0.016000	3.625373E-12
0.017000	3.785358E-12
0.018000	3.939442E-12
0.019000	4.076472E-12
0.020000	4.188607E-12
0.021000	4.272312E-12
0.022000	4.327192E-12
0.023000	4.357048E-12
0.024000	4.370047E-12
0.025000	4.375486E-12
0.026000	4.378198E-12
0.027000	4.380905E-12
0.028000	4.387650E-12
0.029000	4.398378E-12
0.030000	4.412340E-12
0.031000	4.426826E-12
0.032000	4.441172E-12
0.033000	4.453450E-12
0.034000	4.463711E-12
0.035000	4.472632E-12
0.036000	4.483394E-12
0.037000	4.500328E-12
0.038000	4.536681E-12
0.039000	4.610936E-12
0.040000	4.754820E-12
0.041000	4.976285E-12
0.042000	5.139659E-12
0.043000	5.250723E-12
0.044000	5.348853E-12
0.045000	5.448551E-12
0.046000	5.554371E-12
0.047000	5.667626E-12
0.048000	5.786831E-12
0.049000	5.909313E-12
0.050000	6.032145E-12
0.051000	6.154007E-12
0.052000	6.271568E-12
0.053000	6.388106E-12
0.054000	6.506038E-12
0.055000	6.626497E-12
0.056000	6.748875E-12
0.057000	6.871953E-12
0.058000	6.992745E-12
0.059000	7.112012E-12
0.060000	7.230982E-12
0.061000	7.352376E-12
0.062000	7.476214E-12
0.063000	7.598855E-12
0.064000	7.718304E-12
0.065000	7.837651E-12
0.066000	7.958105E-12
0.067000	8.082385E-12
0.068000	8.206536E-12
0.069000	8.327265E-12
0.070000	8.446358E-12
0.071000	8.568217E-12
0.072000	8.693406E-12
0.073000	8.816728E-12
0.074000	8.938905E-12
0.075000	9.059939E-12
0.076000	9.179838E-12
0.077000	9.305389E-12
0.078000	9.428226E-12
0.079000	9.548532E-12
0.080000	9.671499E-12
0.081000	9.793823E-12
0.082000	9.920123E-12
0.083000	1.004178E-11
0.084000	1.016436E-11
0.085000	1.028684E-11
0.086000	1.041317E-11
0.087000	1.053428E-11
0.088000	1.065586E-11
0.089000	1.077923E-11
0.090000	1.090412E-11
0.091000	1.102826E-11
0.092000	1.114965E-11
0.093000	1.127482E-11
0.094000	1.140149E-11
0.095000	1.152347E-11
0.096000	1.164516E-11
0.097000	1.177040E-11
0.098000	1.189447E-11
0.099000	1.201583E-11
0.100000	1.214023E-11
0.101000	1.226683E-11
0.102000	1.239298E-11
0.103000	1.251725E-11
0.104000	1.264332E-11
0.105000	1.276748E-11
0.106000	1.288982E-11
0.107000	1.301538E-11
0.108000	1.313901E-11
0.109000	1.326080E-11
0.110000	1.338692E-11
0.111000	1.351399E-11
0.112000	1.363901E-11
0.113000	1.376488E-11
0.114000	1.389416E-11
0.115000	1.401730E-11
0.116000	1.413985E-11
0.117000	1.426556E-11
0.118000	1.438803E-11
0.119000	1.451222E-11
0.120000	1.464026E-11
0.121000	1.476615E-11
0.122000	1.489441E-11
0.123000	1.502374E-11
0.124000	1.514772E-11
0.125000	1.527587E-11
0.126000	1.539988E-11
0.127000	1.552000E-11
0.128000	1.564689E-11
0.129000	1.577355E-11
0.130000	1.589904E-11
0.131000	1.602870E-11
0.132000	1.615788E-11
0.133000	1.628824E-11
0.134000	1.641554E-11
0.135000	1.653593E-11
0.136000	1.666554E-11
0.137000	1.678759E-11
0.138000	1.690929E-11
0.139000	1.703873E-11
0.140000	1.716672E-11
0.141000	1.730034E-11
0.142000	1.742819E-11
0.143000	1.756136E-11
0.144000	1.769156E-11
0.145000	1.781122E-11
0.146000	1.793610E-11
0.147000	1.806089E-11
0.148000	1.818798E-11
0.149000	1.831010E-11
0.150000	1.844143E-11
0.151000	1.855408E-11
0.152000	1.859948E-11
0.153000	1.883471E-11
0.154000	1.896831E-11
0.155000	1.909915E-11
0.156000	1.921916E-11
0.157000	1.934099E-11
0.158000	1.947042E-11
0.159000	1.960312E-11
0.160000	1.973128E-11
0.161000	1.986628E-11
0.162000	2.000404E-11
0.163000	2.013723E-11
0.164000	2.025908E-11
0.165000	2.038221E-11
0.166000	2.051327E-11
0.167000	2.063027E-11
0.168000	2.075834E-11
0.169000	2.088888E-11
0.170000	2.103267E-11
0.171000	2.115976E-11
0.172000	2.129818E-11
0.173000	2.143394E-11
0.174000	2.156282E-11
0.175000	2.167944E-11
0.176000	2.180123E-11
0.177000	2.193343E-11
0.178000	2.205651E-11
0.179000	2.218690E-11
0.180000	2.232680E-11
0.181000	2.247183E-11
0.182000	2.260528E-11
0.183000	2.273022E-11
0.184000	2.286774E-11
0.185000	2.298727E-11
0.186000	2.310851E-11
0.187000	2.322786E-11
0.188000	2.337053E-11
0.189000	2.349942E-11
0.190000	2.363505E-11
0.191000	2.377921E-11
0.192000	2.392399E-11
0.193000	2.405260E-11
0.194000	2.416579E-11
0.195000	2.430583E-11
0.196000	2.442254E-11
0.197000	2.454942E-11
0.198000	2.467048E-11
0.199000	2.482410E-11
0.200000	2.496745E-11
0.201000	2.509732E-11
0.202000	2.524333E-11
0.203000	2.537973E-11
0.204000	2.550344E-11
0.205000	2.560806E-11
0.206000	2.574901E-11
0.207000	2.587761E-11
0.208000	2.600100E-11
0.209000	2.613898E-11
0.210000	2.629404E-11
0.211000	2.644955E-11
0.212000	2.656828E-11
0.213000	2.670381E-11
0.214000	2.683128E-11
0.215000	2.695695E-11
0.216000	2.706036E-11
0.217000	2.720316E-11
0.218000	2.734660E-11
0.219000	2.748220E-11
0.220000	2.762688E-11
0.221000	2.778019E-11
0.222000	2.793367E-11
0.223000	2.803196E-11
0.224000	2.816576E-11
0.225000	2.829769E-11
0.226000	2.842527E-11
0.227000	2.853362E-11
0.228000	2.868032E-11
0.229000	2.884664E-11
0.230000	2.898149E-11
0.231000	2.913333E-11
0.232000	2.926891E-11
0.233000	2.941408E-11
0.234000	2.951194E-11
0.235000	2.964242E-11
0.236000	2.977781E-11
0.237000	2.991573E-11
0.238000	3.004319E-11
0.239000	3.019022E-11
0.240000	3.038298E-11
0.241000	3.051289E-11
0.242000	3.064116E-11
0.243000	3.077783E-11
0.244000	3.093239E-11
0.245000	3.104777E-11
0.246000	3.118303E-11
0.247000	3.137702E-11
0.248000	3.160994E-11
0.249000	3.220479E-11
0.250000	4.849980E-11
0.251000	5.598447E-11
0.252000	5.746398E-11
0.253000	5.806315E-11
0.254000	5.872266E-11
0.255000	5.938738E-11
0.256000	5.941848E-11
0.257000	5.926695E-11
0.258000	6.057411E-11
0.259000	6.131062E-11
0.260000	6.183328E-11
0.261000	6.198635E-11
0.262000	6.290798E-11
0.263000	6.257996E-11
0.264000	6.210721E-11
0.265000	6.248092E-11
0.266000	6.285554E-11
0.267000	6.312384E-11
0.268000	6.273141E-11
0.269000	6.446528E-11
0.270000	6.539073E-11
0.271000	6.524703E-11
0.272000	6.488527E-11
0.273000	6.519668E-11
0.274000	6.558306E-11
0.275000	6.485457E-11
0.276000	6.535072E-11
0.277000	6.571473E-11
0.278000	6.641877E-11
0.279000	6.628487E-11
0.280000	6.801623E-11
0.281000	6.846172E-11
0.282000	6.749830E-11
0.283000	6.739813E-11
0.284000	6.750132E-11
0.285000	6.860927E-11
0.286000	6.739813E-11
0.287000	6.815197E-11
0.288000	6.897544E-11
0.289000	7.004033E-11
0.290000	6.989895E-11
0.291000	7.040608E-11
0.292000	7.091294E-11
0.293000	6.987712E-11
0.294000	7.012690E-11
0.295000	7.004033E-11
0.296000	7.131690E-11
0.297000	7.006200E-11
0.298000	7.116234E-11
0.299000	7.300217E-11
0.300000	7.357938E-11
0.301000	7.263555E-11
0.302000	7.204513E-11
0.303000	7.321192E-11
0.304000	7.252838E-11
0.305000	7.280990E-11
0.306000	7.283884E-11
0.307000	7.426185E-11
0.308000	7.366340E-11
0.309000	7.441601E-11
0.310000	7.578782E-11
0.311000	7.509372E-11
0.312000	7.483729E-11
0.313000	7.443408E-11
0.314000	7.648835E-11
0.315000	7.574500E-11
0.316000	7.520783E-11
0.317000	7.542581E-11
0.318000	7.659634E-11
0.319000	7.701566E-11
0.320000	7.659634E-11
0.321000	7.762013E-11
0.322000	7.734786E-11
0.323000	7.766788E-11
0.324000	7.749236E-11
0.325000	7.930129E-11
0.326000	7.845108E-11
0.327000	7.728337E-11
0.328000	7.853581E-11
0.329000	7.958364E-11
0.330000	7.962795E-11
0.331000	7.822637E-11
0.332000	7.961319E-11
0.333000	8.034139E-11
0.334000	8.023341E-11
0.335000	7.995063E-11
0.336000	8.069109E-11
0.337000	8.086073E-11
0.338000	8.021899E-11
0.339000	8.221443E-11
0.340000	8.179561E-11
0.341000	8.212042E-11
0.342000	8.081842E-11
0.343000	8.244807E-11
0.344000	8.380347E-11
0.345000	8.264015E-11
0.346000	8.262034E-11
0.347000	8.275214E-11
0.348000	8.448504E-11
0.349000	8.356191E-11
0.350000	8.458371E-11
0.450000	1.089396E-10
0.550000	1.344297E-10
0.650000	1.594327E-10
0.750000	1.799999E-10
0.850000	2.065355E-10
0.950000	2.293240E-10
1.050000	2.549764E-10
2.050000	5.011900E-10
3.050000	7.504198E-10
4.050000	9.754199E-10
5.050000	1.223943E-09
6.050000	1.449444E-09
7.050000	1.707906E-09
8.050000	1.949835E-09
9.050000	2.195907E-09
905.0000	2.195907E-07
905.0000	1
