#SLAC 137 Axion search,
#Bjorken et al.
#
0.28916070E+09 0.91171729E-07
0.34235957E+09 0.86221287E-07
0.38913117E+09 0.86341710E-07
0.41565809E+09 0.90495593E-07
0.43222335E+09 0.99320046E-07
0.43403690E+09 0.11721030E-06
0.42238343E+09 0.14263621E-06
0.41652920E+09 0.15223567E-06
0.39418749E+09 0.18873929E-06
0.37907999E+09 0.21620222E-06
0.36710440E+09 0.23950279E-06
0.34235957E+09 0.29555344E-06
0.33997874E+09 0.30110496E-06
0.33903105E+09 0.30391970E-06
0.33673211E+09 0.31071063E-06
0.30321320E+09 0.41623913E-06
0.28634940E+09 0.48762900E-06
0.28555120E+09 0.48939034E-06
0.26948158E+09 0.57272668E-06
0.23950251E+09 0.78002207E-06
0.23887657E+09 0.78530178E-06
0.23850179E+09 0.78804666E-06
0.23758814E+09 0.79652429E-06
0.21130453E+09 0.10737754E-05
0.19754336E+09 0.12689615E-05
0.18655660E+09 0.14644652E-05
0.16754739E+09 0.19145132E-05
0.16453482E+09 0.19945207E-05
0.16316273E+09 0.20433605E-05
0.15803579E+09 0.22089605E-05
0.14501133E+09 0.27139005E-05
0.14013656E+09 0.29540447E-05
0.13364189E+09 0.32903458E-05
0.12762623E+09 0.36858793E-05
0.11721016E+09 0.45063569E-05
0.11216872E+09 0.49966636E-05
0.10930956E+09 0.52983188E-05
0.99829505E+08 0.65626598E-05
0.98445868E+08 0.67609998E-05
0.88909694E+08 0.85316813E-05
0.86341607E+08 0.91398199E-05
0.81996037E+08 0.10317417E-04
0.75725606E+08 0.12355614E-04
0.72216082E+08 0.13738242E-04
0.66328035E+08 0.16673754E-04
0.60065231E+08 0.20804507E-04
0.58411762E+08 0.22122168E-04
0.58046050E+08 0.22474876E-04
0.57361495E+08 0.23068107E-04
0.50767177E+08 0.30269667E-04
0.47188516E+08 0.35622487E-04
0.44385573E+08 0.40748904E-04
0.40128050E+08 0.50826294E-04
0.38752034E+08 0.54754023E-04
0.37975670E+08 0.57361536E-04
0.34851999E+08 0.69222602E-04
0.33868954E+08 0.73675361E-04
0.33563084E+08 0.75129113E-04
0.30439106E+08 0.92367100E-04
0.29539276E+08 0.98859004E-04
0.28072148E+08 0.11022886E-03
0.25709208E+08 0.13228113E-03
0.24347207E+08 0.14873523E-03
0.22406998E+08 0.17733226E-03
0.19638271E+08 0.23464986E-03
0.19501703E+08 0.23728453E-03
0.19447342E+08 0.23950268E-03
0.19124344E+08 0.24812240E-03
0.16996814E+08 0.31809680E-03
0.16425441E+08 0.34172330E-03
0.15490273E+08 0.38566206E-03
0.14793004E+08 0.42563856E-03
0.13738232E+08 0.49765560E-03
0.12865959E+08 0.56900823E-03
0.12359917E+08 0.62101696E-03
0.11209484E+08 0.76244121E-03
0.10280276E+08 0.91412345E-03
0.98415355E+07 0.10000000E-02
0.97526568E+07 0.10197318E-02
0.96107758E+07 0.10515286E-02
0.84881255E+07 0.13644815E-02
0.78390184E+07 0.16102619E-02
0.73824000E+07 0.18240857E-02
0.67233550E+07 0.22197764E-02
0.64207144E+07 0.24385003E-02
0.62352571E+07 0.25929436E-02
0.55843050E+07 0.32598708E-02
0.54705190E+07 0.34135250E-02
0.49596045E+07 0.41753185E-02
0.48568524E+07 0.43579071E-02
0.47034187E+07 0.46728848E-02
0.42241632E+07 0.58257997E-02
0.39449338E+07 0.67233566E-02
0.39339373E+07 0.67798955E-02
0.36738927E+07 0.77881288E-02
0.32903435E+07 0.98300980E-02
0.31953045E+07 0.10411437E-01
0.31378516E+07 0.10826365E-01
0.28877988E+07 0.12883931E-01
0.27790607E+07 0.13918366E-01
0.24958879E+07 0.17433284E-01
0.24170398E+07 0.18606550E-01
0.23018066E+07 0.20621409E-01
0.21021785E+07 0.24873874E-01
0.19824928E+07 0.28072155E-01
0.18270578E+07 0.33221322E-01
0.16102615E+07 0.43148684E-01
0.15890519E+07 0.44411403E-01
0.15752507E+07 0.45203524E-01
0.15144818E+07 0.49054870E-01
0.13813271E+07 0.59329270E-01
0.12490463E+07 0.72789516E-01
0.11995004E+07 0.79147530E-01
0.11264814E+07 0.90411344E-01
0.10432447E+07 0.10580713E+00
0.99212202E+06 0.11721019E+00
0.90671107E+06 0.14131505E+00
0.78914674E+06 0.18838821E+00
0.78832112E+06 0.18873911E+00
0.78832112E+06 0.18882694E+00
0.78804610E+06 0.18891481E+00
0.68443351E+06 0.25184382E+00
0.62507484E+06 0.30391941E+00
0.59527418E+06 0.33667345E+00
0.55128887E+06 0.39455453E+00
0.51736822E+06 0.44965803E+00
0.49649920E+06 0.48938988E+00
0.44903099E+06 0.59944266E+00
0.40951605E+06 0.72744367E+00
0.39327180E+06 0.78804591E+00
0.39053692E+06 0.80135551E+00
0.38566197E+06 0.82250753E+00
0.33942576E+06 0.10702832E+01
0.31237721E+06 0.12689603E+01
0.29459229E+06 0.14268029E+01
0.26979532E+06 0.17158360E+01
0.25621653E+06 0.19073991E+01
0.24743071E+06 0.20433586E+01
0.22260675E+06 0.25463202E+01
0.21169822E+06 0.28233683E+01
0.19639800E+06 0.32903427E+01
0.19327088E+06 0.33960991E+01
0.18873915E+06 0.35727573E+01
0.16797673E+06 0.45357994E+01
0.15567339E+06 0.52983137E+01
0.14578931E+06 0.60467099E+01
0.13203516E+06 0.74358257E+01
0.12670927E+06 0.80759313E+01
0.12313528E+06 0.85316731E+01
0.10997272E+06 0.10766087E+02
0.10892253E+06 0.11027151E+02
0.97806797E+05 0.13738228E+02
0.95580146E+05 0.14379089E+02
0.92367078E+05 0.15447090E+02
0.82955323E+05 0.19168877E+02
0.77363685E+05 0.22122147E+02
0.72098622E+05 0.25601780E+02
0.64616704E+05 0.31985257E+02
0.62575385E+05 0.34129935E+02
0.61193495E+05 0.35622453E+02
0.55188772E+05 0.43959146E+02
0.54272150E+05 0.45456569E+02
0.54045383E+05 0.45796197E+02
0.48200877E+05 0.57361481E+02
0.47021439E+05 0.60457713E+02
0.45203535E+05 0.65372588E+02
0.40668404E+05 0.80222563E+02
0.37702827E+05 0.92367012E+02
0.35014536E+05 0.10580708E+03
0.31622776E+05 0.12727044E+03
0.30031203E+05 0.13883866E+03
0.28779642E+05 0.14873508E+03
0.25440027E+05 0.17919810E+03
0.22122163E+05 0.21380133E+03
0.21111633E+05 0.22502751E+03
0.19729856E+05 0.23950245E+03
0.16877642E+05 0.26885539E+03
0.15475874E+05 0.28054729E+03
0.13217859E+05 0.29555301E+03
0.12746807E+05 0.29776123E+03
0.11289301E+05 0.30391927E+03
0.10826368E+05 0.30519447E+03
0.91376919E+04 0.30761780E+03
0.89733925E+04 0.30761780E+03
0.75737399E+04 0.30676032E+03
0.63390949E+04 0.30420219E+03
0.63302536E+04 0.30420219E+03
0.62120965E+04 0.30391927E+03
0.52983175E+04 0.30068457E+03
0.45126497E+04 0.29665507E+03
0.43472771E+04 0.29624132E+03
0.37065134E+04 0.29227136E+03
0.32191796E+04 0.28902614E+03
0.29688548E+04 0.28688270E+03
0.25929442E+04 0.28369731E+03
0.22988647E+04 0.28120065E+03
0.20296222E+04 0.27820775E+03
0.18139310E+04 0.27537479E+03
0.16427999E+04 0.27333260E+03
0.13855918E+04 0.26929352E+03
0.12689612E+04 0.26729643E+03
0.11751966E+04 0.26531414E+03
0.94526236E+03 0.26042250E+03
0.88771992E+03 0.25921374E+03
0.83944529E+03 0.25804061E+03
0.64486588E+03 0.25184370E+03
0.62101711E+03 0.25090811E+03
0.60045488E+03 0.25049989E+03
0.43993290E+03 0.24354750E+03
0.43444135E+03 0.24332099E+03
0.42954261E+03 0.24315125E+03
0.36438227E+03 0.23950245E+03
0.30776132E+03 0.23552459E+03
0.30391963E+03 0.23552459E+03
0.29991653E+03 0.23530555E+03
0.22016075E+03 0.22861526E+03
0.21261130E+03 0.22776597E+03
0.20417766E+03 0.22691984E+03
0.15770085E+03 0.22152182E+03
0.14873526E+03 0.22026294E+03
0.13890343E+03 0.21862946E+03
0.11305948E+03 0.21439896E+03
0.10404987E+03 0.21266051E+03
0.94431017E+02 0.21044605E+03
0.81104540E+02 0.20733626E+03
0.72789568E+02 0.20503412E+03
0.64107701E+02 0.20219235E+03
0.58211746E+02 0.20036635E+03
0.50920978E+02 0.19754332E+03
0.43491328E+02 0.19408168E+03
0.41824493E+02 0.19336068E+03
0.35622495E+02 0.18979565E+03
0.30087155E+02 0.18629636E+03
0.29468957E+02 0.18599326E+03
0.24920223E+02 0.18218226E+03
0.21658812E+02 0.17932320E+03
0.19905039E+02 0.17749717E+03
0.17433297E+02 0.17471163E+03
0.15613285E+02 0.17229013E+03
0.13428606E+02 0.16911359E+03
0.12195711E+02 0.16708031E+03
0.11270938E+02 0.16522514E+03
0.90278324E+01 0.16037811E+03
0.85316833E+01 0.15918874E+03
0.81476438E+01 0.15815527E+03
0.60534019E+01 0.15156410E+03
0.59684605E+01 0.15124713E+03
0.59011604E+01 0.15100105E+03
0.53528273E+01 0.14873508E+03
0.42875245E+01 0.14356806E+03
0.41753215E+01 0.14303471E+03
0.40384831E+01 0.14227149E+03
0.31222006E+01 0.13608879E+03
0.29209055E+01 0.13464036E+03
0.26750417E+01 0.13228100E+03
0.22815518E+01 0.12840042E+03
0.20433610E+01 0.12544810E+03
0.17549939E+01 0.12142853E+03
0.16655024E+01 0.12131560E+03
0.14294623E+01 0.11483521E+03
0.12174926E+01 0.11440860E+03
0.12748792E+01 0.92367012E+02
0.13328762E+01 0.84140753E+02
0.14294623E+01 0.73196986E+02
0.14334580E+01 0.72789482E+02
0.15392113E+01 0.63307390E+02
0.16140132E+01 0.57361481E+02
0.17090663E+01 0.51205993E+02
0.17746992E+01 0.47532779E+02
0.20433610E+01 0.35821881E+02
0.20462149E+01 0.35688805E+02
0.20490728E+01 0.35622453E+02
0.20576704E+01 0.35292536E+02
0.23609176E+01 0.26820996E+02
0.26050367E+01 0.22122147E+02
0.27235455E+01 0.20151936E+02
0.29209055E+01 0.17530874E+02
0.31451622E+01 0.15162289E+02
0.32980094E+01 0.13738228E+02
0.36263486E+01 0.11384228E+02
0.41753215E+01 0.85794368E+01
0.41811530E+01 0.85475647E+01
0.41869927E+01 0.85316731E+01
0.42045607E+01 0.84526573E+01
0.48242037E+01 0.64237007E+01
0.53230269E+01 0.52983137E+01
0.55651829E+01 0.48264428E+01
0.59684605E+01 0.41986915E+01
0.64266975E+01 0.36314091E+01
0.67390192E+01 0.32903427E+01
0.74099344E+01 0.27265532E+01
0.85316833E+01 0.20547981E+01
0.85435992E+01 0.20471647E+01
0.85555318E+01 0.20433586E+01
0.85914296E+01 0.20244341E+01
0.98575830E+01 0.15384935E+01
0.10876858E+02 0.12689603E+01
0.11371670E+02 0.11559460E+01
0.12195711E+02 0.10055979E+01
0.13132054E+02 0.86973224E+00
0.13770239E+02 0.78804591E+00
0.15141160E+02 0.65301683E+00
0.17433297E+02 0.49212967E+00
0.17457645E+02 0.49030144E+00
0.17482028E+02 0.48938988E+00
0.22592820E+02 0.42941742E+00
0.24920223E+02 0.41682008E+00
0.27396421E+02 0.34483736E+00
0.33221346E+02 0.30391941E+00
0.34137915E+02 0.28714989E+00
0.35622495E+02 0.26334668E+00
0.41403414E+02 0.23064515E+00
0.49450166E+02 0.19626094E+00
0.50920978E+02 0.19121380E+00
0.51134636E+02 0.18979574E+00
0.51349190E+02 0.18873911E+00
0.62944036E+02 0.15549240E+00
0.72789568E+02 0.13376633E+00
0.76941969E+02 0.12620917E+00
0.82993965E+02 0.11721019E+00
0.94233528E+02 0.10270318E+00
0.10404987E+03 0.93578145E-01
0.11593580E+03 0.84082096E-01
0.13432769E+03 0.72789516E-01
0.14243723E+03 0.68709210E-01
0.14873526E+03 0.65822759E-01
0.17077411E+03 0.57361509E-01
0.17475249E+03 0.56042590E-01
0.19911210E+03 0.49335236E-01
0.21261130E+03 0.46310424E-01
0.21484854E+03 0.45838850E-01
0.21802029E+03 0.45203524E-01
0.26396016E+03 0.37458048E-01
0.30391963E+03 0.32563335E-01
0.32395878E+03 0.30566832E-01
0.35324057E+03 0.28072155E-01
0.39815050E+03 0.24989865E-01
0.43444135E+03 0.22918336E-01
0.48916260E+03 0.20420921E-01
0.57352646E+03 0.17433284E-01
0.60035014E+03 0.16664052E-01
0.62101711E+03 0.16115107E-01
0.73783988E+03 0.13623669E-01
0.77748578E+03 0.12919946E-01
0.88771992E+03 0.11341942E-01
0.90650061E+03 0.11132828E-01
0.93086093E+03 0.10826365E-01
0.11125498E+04 0.90847047E-02
0.12689612E+04 0.79936988E-02
0.13673414E+04 0.74271858E-02
0.15129420E+04 0.67233566E-02
0.16798981E+04 0.60692597E-02
0.18139310E+04 0.56207970E-02
0.20621017E+04 0.49538406E-02
0.24590070E+04 0.41753185E-02
0.25339137E+04 0.40490625E-02
0.25929442E+04 0.39559620E-02
0.30234772E+04 0.34020308E-02
0.31131339E+04 0.33087649E-02
0.37065134E+04 0.27881264E-02
0.38274264E+04 0.27063342E-02
0.39966605E+04 0.25929436E-02
0.46974073E+04 0.22084456E-02
0.52983175E+04 0.19650464E-02
0.57731883E+04 0.18055112E-02
0.64958314E+04 0.16102619E-02
0.70928651E+04 0.14754062E-02
0.75737399E+04 0.13820506E-02
0.87202864E+04 0.12067773E-02
0.10557770E+05 0.10000000E-02
0.10704290E+05 0.98499371E-03
0.10826368E+05 0.97383033E-03
0.11657577E+05 0.90607876E-03
0.13153448E+05 0.80509274E-03
0.15475874E+05 0.68634686E-03
0.16160157E+05 0.65789614E-03
0.17159701E+05 0.62101696E-03
0.19868022E+05 0.53811223E-03
0.22122163E+05 0.48384363E-03
0.24426637E+05 0.44013751E-03
0.27889915E+05 0.38566206E-03
0.29986702E+05 0.35929006E-03
0.31622776E+05 0.34100864E-03
0.36857349E+05 0.29377118E-03
0.44639274E+05 0.24354773E-03
0.45203535E+05 0.24084351E-03
0.45298270E+05 0.24017216E-03
0.45424891E+05 0.23950268E-03
0.54045383E+05 0.20219254E-03
0.55691723E+05 0.19644374E-03
0.57951637E+05 0.18873920E-03
0.64616704E+05 0.16974434E-03
0.68422137E+05 0.16052756E-03
0.74087807E+05 0.14873523E-03
0.84121243E+05 0.13130012E-03
0.92367078E+05 0.11974565E-03
0.10342242E+06 0.10739416E-03
0.12058418E+06 0.92367100E-04
0.12715216E+06 0.87840782E-04
0.13203516E+06 0.84631570E-04
0.15632657E+06 0.71847509E-04
0.16903505E+06 0.66445833E-04
0.18873915E+06 0.59703095E-04
0.19680960E+06 0.57361536E-04
0.23629302E+06 0.48066529E-04
0.26979532E+06 0.42195825E-04
0.29050924E+06 0.39315000E-04
0.32071574E+06 0.35622487E-04
0.35716508E+06 0.32156872E-04
0.38566197E+06 0.29780774E-04
0.43911477E+06 0.26302033E-04
0.52390800E+06 0.22122168E-04
0.53986738E+06 0.21513192E-04
0.55128887E+06 0.21057687E-04
0.63121166E+06 0.18468571E-04
0.66373716E+06 0.17596260E-04
0.78804610E+06 0.14896608E-04
0.81659789E+06 0.14405886E-04
0.85628254E+06 0.13738242E-04
0.94218856E+06 0.12540933E-04
0.10039620E+07 0.11782990E-04
0.10952806E+07 0.10826370E-04
0.11264814E+07 0.10538144E-04
0.12347467E+07 0.96421324E-05
0.14044118E+07 0.85316813E-05
0.15207037E+07 0.79049449E-05
0.16102615E+07 0.74583528E-05
0.18696213E+07 0.64656825E-05
0.22953903E+07 0.52983188E-05
0.23002008E+07 0.52933912E-05
0.23018066E+07 0.52884682E-05
0.23179258E+07 0.52492485E-05
0.28289570E+07 0.43316321E-05
0.32903435E+07 0.37463881E-05
0.37726209E+07 0.32903458E-05
0.42865232E+07 0.29073474E-05
0.47034187E+07 0.26564383E-05
0.52732628E+07 0.23799402E-05
0.62005440E+07 0.20433605E-05
0.64928069E+07 0.19504744E-05
0.67233550E+07 0.18862222E-05
0.79381073E+07 0.16102627E-05
0.79929996E+07 0.15981350E-05
0.83180730E+07 0.15384950E-05
0.96107758E+07 0.13405717E-05
0.98484058E+07 0.13109671E-05
0.10190991E+08 0.12689615E-05
0.12133446E+08 0.10752751E-05
0.13738232E+08 0.95454293E-06
0.14933026E+08 0.88072691E-06
0.16784648E+08 0.78804666E-06
0.18404229E+08 0.72272174E-06
0.19638271E+08 0.67888427E-06
0.22674405E+08 0.59278735E-06
0.27838049E+08 0.48939034E-06
0.27954854E+08 0.48666580E-06
0.28072148E+08 0.48485787E-06
0.28826529E+08 0.47238902E-06
0.34561361E+08 0.40103207E-06
0.40128050E+08 0.35205121E-06
0.42968384E+08 0.33293553E-06
0.48111239E+08 0.30391970E-06
0.53719477E+08 0.27846713E-06
0.57361495E+08 0.26432889E-06
0.65403024E+08 0.23950279E-06
0.67395343E+08 0.23399588E-06
0.72975989E+08 0.22046830E-06
0.81996037E+08 0.20238085E-06
0.84907572E+08 0.19772749E-06
0.90411322E+08 0.18873929E-06
0.10711963E+09 0.16739176E-06
0.11721016E+09 0.15712874E-06
0.13570948E+09 0.14250355E-06
0.15462670E+09 0.13044777E-06
0.16754739E+09 0.12382472E-06
0.17226012E+09 0.12162659E-06
0.18269156E+09 0.11721030E-06
0.20031979E+09 0.11074292E-06
0.22018615E+09 0.10477854E-06
0.23950251E+09 0.10006211E-06
0.28000134E+09 0.92367144E-07
0.28473039E+09 0.91671481E-07
0.28916070E+09 0.91171729E-07
