#Relic ALP decay photons not producing y distortions in CMB,
#Cadamuro and Redondo.
#
0.21007182E+11 0.10000025E-18
0.26366471E+11 0.10000025E-18
0.41535592E+11 0.10000025E-18
0.65431791E+11 0.10000025E-18
0.14597127E+12 0.10000025E-18
0.99127890E+11 0.17888378E-18
0.95331080E+11 0.18893693E-18
0.65431791E+11 0.33380277E-18
0.63825646E+11 0.34476375E-18
0.62258928E+11 0.35697074E-18
0.41535592E+11 0.66158150E-18
0.41260004E+11 0.66819126E-18
0.34167537E+11 0.88649811E-18
0.26791112E+11 0.12742778E-17
0.26601544E+11 0.12902115E-17
0.26366471E+11 0.13063445E-17
0.17527857E+11 0.24075754E-17
0.17127982E+11 0.24866322E-17
0.16737230E+11 0.25842922E-17
0.11447112E+11 0.45487876E-17
0.11047819E+11 0.48044264E-17
0.10624664E+11 0.50997179E-17
0.75024831E+10 0.85943181E-17
0.71133784E+10 0.92595990E-17
0.67444541E+10 0.10101124E-16
0.48997300E+10 0.16237800E-16
0.45984340E+10 0.17946152E-16
0.42813270E+10 0.19908318E-16
0.31999211E+10 0.30679123E-16
0.29647464E+10 0.34652255E-16
0.27177531E+10 0.39432848E-16
0.21056346E+10 0.57964048E-16
0.19123081E+10 0.66951683E-16
0.17252085E+10 0.78154063E-16
0.13769823E+10 0.10951521E-15
0.12312811E+10 0.12903636E-15
0.10951489E+10 0.15432132E-15
0.90087901E+09 0.20691416E-15
0.79278716E+09 0.24869253E-15
0.69519206E+09 0.30528806E-15
0.58834707E+09 0.39093629E-15
0.51272370E+09 0.48229391E-15
0.44130251E+09 0.60244077E-15
0.38560500E+09 0.73862116E-15
0.33042145E+09 0.93068365E-15
0.28013540E+09 0.11932678E-14
0.25183134E+09 0.13955246E-14
0.21312705E+09 0.17981754E-14
0.17782777E+09 0.23518129E-14
0.16446629E+09 0.26366547E-14
0.13722648E+09 0.34656340E-14
0.11288369E+09 0.46582881E-14
0.10740983E+09 0.49816020E-14
0.88356255E+08 0.66793365E-14
0.71657690E+08 0.92325095E-14
0.70709949E+08 0.94120622E-14
0.57143138E+08 0.12953357E-13
0.46220340E+08 0.17782816E-13
0.45487744E+08 0.18230313E-13
0.36825524E+08 0.24996123E-13
0.30239265E+08 0.33598223E-13
0.28875266E+08 0.36064343E-13
0.23753043E+08 0.48295052E-13
0.19748692E+08 0.63479291E-13
0.18329794E+08 0.71167639E-13
0.15293913E+08 0.93079335E-13
0.12943371E+08 0.11993552E-12
0.11635611E+08 0.14096332E-12
0.98473187E+07 0.17939234E-12
0.84530715E+07 0.22660192E-12
0.73861955E+07 0.27782478E-12
0.63686118E+07 0.34789879E-12
0.55205414E+07 0.42813364E-12
0.46886995E+07 0.55029372E-12
0.41042105E+07 0.67134109E-12
0.36326655E+07 0.80890052E-12
0.29763500E+07 0.10906564E-11
0.26472805E+07 0.12970992E-11
0.23755860E+07 0.15283079E-11
0.18893638E+07 0.21535865E-11
0.17045091E+07 0.24999069E-11
0.15542070E+07 0.28875308E-11
0.11993534E+07 0.42603593E-11
0.11016331E+07 0.48435982E-11
0.10150232E+07 0.54555984E-11
0.76134027E+06 0.84071881E-11
0.70978280E+06 0.93437992E-11
0.66525026E+06 0.10307614E-10
0.48329288E+06 0.16652304E-10
0.45741491E+06 0.18030750E-10
0.43446238E+06 0.19474840E-10
0.30679056E+06 0.32820046E-10
0.29503983E+06 0.34837244E-10
0.28373917E+06 0.36795073E-10
0.19474826E+06 0.65169159E-10
0.18996781E+06 0.67142022E-10
0.18530469E+06 0.69519307E-10
0.12362468E+06 0.12884161E-09
0.12280443E+06 0.13012885E-09
0.10214706E+06 0.17157429E-09
0.79739871E+05 0.24816295E-09
0.79175652E+05 0.25126601E-09
0.78475989E+05 0.25440787E-09
0.50978965E+05 0.48426644E-09
0.34191857E+05 0.88586690E-09
0.32882236E+05 0.93565203E-09
0.31622776E+05 0.99315942E-09
0.21171942E+05 0.18032875E-08
0.14583338E+05 0.31622776E-08
0.13692649E+05 0.34971480E-08
0.12742751E+05 0.38988448E-08
0.88241390E+04 0.67484544E-08
0.55625197E+03 0.11288377E-07
0.67620488E+03 0.84191301E-08
0.83378254E+03 0.61402874E-08
0.10502167E+04 0.43683416E-08
0.13041793E+04 0.31622776E-08
0.16249547E+04 0.22546146E-08
0.20691386E+04 0.15728969E-08
0.25220447E+04 0.11687374E-08
0.30307367E+04 0.88586690E-09
0.39135234E+04 0.60565685E-09
0.51348338E+04 0.40191340E-09
0.60673298E+04 0.31347048E-09
0.70932129E+04 0.24816295E-09
0.94231964E+04 0.16264698E-09
0.12742751E+05 0.10295420E-09
0.14576867E+05 0.83920263E-10
0.16571690E+05 0.69519307E-10
0.22609273E+05 0.43461698E-10
0.31622776E+05 0.26372763E-10
0.35114561E+05 0.22550494E-10
0.38853715E+05 0.19474840E-10
0.54439849E+05 0.11671483E-10
0.78475989E+05 0.67179793E-11
0.84550767E+05 0.60558547E-11
0.90290790E+05 0.54555984E-11
0.13079270E+06 0.31246132E-11
0.19474826E+06 0.17198097E-11
0.20286443E+06 0.16182146E-11
0.21056990E+06 0.15283079E-11
0.31451081E+06 0.83754110E-12
0.48329288E+06 0.43999961E-12
0.48846811E+06 0.43456576E-12
0.49369877E+06 0.42813364E-12
0.62837317E+06 0.29646213E-12
0.75864196E+06 0.22547836E-12
0.11488178E+07 0.11993552E-12
0.11730325E+07 0.11626683E-12
0.11993534E+07 0.11243059E-12
0.17567332E+07 0.63479291E-13
0.18202256E+07 0.60251178E-13
0.18893638E+07 0.56868328E-13
0.26851448E+07 0.33598223E-13
0.28219862E+07 0.31184268E-13
0.29763500E+07 0.28800238E-13
0.41115028E+07 0.17782816E-13
0.43828391E+07 0.16180238E-13
0.46886995E+07 0.14558351E-13
0.62732346E+07 0.94120622E-14
0.68070065E+07 0.83952629E-14
0.73861955E+07 0.73774736E-14
0.96055980E+07 0.49816020E-14
0.10525176E+08 0.43289770E-14
0.11635611E+08 0.37246382E-14
0.14708124E+08 0.26366547E-14
0.16332194E+08 0.22433393E-14
0.18329794E+08 0.18898147E-14
0.22521129E+08 0.13955246E-14
0.25320612E+08 0.11610875E-14
0.28875266E+08 0.95173559E-15
0.34210046E+08 0.73862116E-15
0.39325553E+08 0.60244077E-15
0.45487744E+08 0.48139575E-15
0.52336064E+08 0.39093629E-15
0.60846718E+08 0.31093534E-15
0.71657690E+08 0.24379673E-15
0.79995022E+08 0.20691416E-15
0.94438414E+08 0.16118131E-15
0.11288369E+09 0.12323781E-15
0.12205452E+09 0.10951521E-15
0.14654258E+09 0.83526522E-16
0.17782777E+09 0.62451009E-16
0.18689030E+09 0.57964048E-16
0.22719224E+09 0.43230913E-16
0.28013540E+09 0.31529413E-16
0.28616706E+09 0.30679123E-16
0.35285326E+09 0.22430749E-16
0.43817997E+09 0.16237800E-16
0.44130251E+09 0.15997460E-16
0.54595452E+09 0.11577092E-16
0.66589963E+09 0.85943181E-17
0.69519206E+09 0.80565314E-17
0.84736007E+09 0.60012833E-17
0.10182711E+10 0.45487876E-17
0.10951489E+10 0.40750604E-17
0.13148710E+10 0.31099530E-17
0.15564147E+10 0.24075754E-17
0.17252085E+10 0.20637623E-17
0.20385098E+10 0.16096217E-17
0.23831874E+10 0.12742778E-17
0.27177531E+10 0.10432197E-17
0.31660185E+10 0.83516678E-18
0.36362115E+10 0.67444786E-18
0.42813270E+10 0.52865367E-18
0.48975559E+10 0.43091739E-18
0.55677793E+10 0.35697074E-18
0.67444541E+10 0.26689945E-18
0.75962949E+10 0.22316900E-18
0.85254024E+10 0.18893693E-18
0.10624664E+11 0.13542000E-18
0.11797838E+11 0.11579325E-18
0.13054124E+11 0.10000025E-18
0.16737230E+11 0.10000025E-18
0.21007182E+11 0.10000025E-18
