#Relic ALP late decays decrease bayon/photon ratio, Underproduction of Primordial Deuterium,
#Cadamuro Redondo and further.
#
0.31622776E+01 0.10000000E-01
0.15383097E+08 0.10000000E-01
0.15383097E+08 0.60224291E-06
0.15389737E+08 0.56234132E-06
0.15389737E+08 0.33844694E-06
0.15389737E+08 0.31622776E-06
0.15388894E+08 0.19033834E-06
0.15388983E+08 0.17782794E-06
0.15388200E+08 0.10704235E-06
0.15396476E+08 0.10000000E-06
0.15378201E+08 0.60253060E-07
0.15511030E+08 0.56234132E-07
0.15609817E+08 0.53673427E-07
0.16458920E+08 0.42169650E-07
0.17107629E+08 0.34629590E-07
0.17574019E+08 0.31622776E-07
0.17338635E+08 0.28301864E-07
0.17006975E+08 0.23713737E-07
0.17976317E+08 0.20975565E-07
0.19259281E+08 0.17782794E-07
0.23635145E+08 0.12231893E-07
0.26315723E+08 0.10000000E-07
0.34691648E+08 0.68675922E-08
0.39484983E+08 0.56234132E-08
0.50920376E+08 0.42106791E-08
0.62221037E+08 0.31622776E-08
0.74740891E+08 0.25589947E-08
0.96624998E+08 0.17782794E-08
0.10970462E+09 0.15458753E-08
0.14988640E+09 0.10000000E-08
0.16102436E+09 0.92968971E-09
0.23272466E+09 0.56234132E-09
0.23635145E+09 0.55313495E-09
0.26935150E+09 0.46223016E-09
0.34691648E+09 0.35013452E-09
0.37231257E+09 0.31622776E-09
0.50920376E+09 0.22683968E-09
0.59534838E+09 0.17782794E-09
0.74740891E+09 0.13793597E-09
0.92977094E+09 0.10000000E-09
0.10970462E+10 0.82596019E-10
0.14236220E+10 0.56234132E-10
0.16102436E+10 0.48495571E-10
0.21504725E+10 0.31622776E-10
0.23635145E+10 0.28093362E-10
0.32185829E+10 0.17782794E-10
0.34691648E+10 0.16125946E-10
0.47860081E+10 0.99999999E-11
0.49997532E+10 0.97293863E-11
0.50920376E+10 0.91955677E-11
0.70858352E+10 0.56234132E-11
0.74740891E+10 0.52203723E-11
0.10458949E+11 0.31622776E-11
0.10970462E+11 0.29540056E-11
0.15412060E+11 0.17782794E-11
0.16102436E+11 0.16687068E-11
0.22680833E+11 0.10000000E-11
0.23635145E+11 0.94126171E-12
0.33348237E+11 0.56234132E-12
0.34691648E+11 0.53040830E-12
0.49003587E+11 0.31622776E-12
0.50920376E+11 0.29867800E-12
0.71974749E+11 0.17782794E-12
0.74740891E+11 0.16809146E-12
0.10568385E+12 0.10000000E-12
0.10970462E+12 0.94566349E-13
0.15514099E+12 0.56234132E-13
0.16102436E+12 0.53183449E-13
0.22769538E+12 0.31622776E-13
0.23635145E+12 0.29901855E-13
0.33413024E+12 0.17782794E-13
0.34691648E+12 0.16808628E-13
0.49029231E+12 0.10000000E-13
0.49029231E+16 0.10000000E-19
0.49029231E+16 0.10000000E-29
