#Relic ALP decay photons not found in EBL,
#Cadamuro and Redondo.
#
0.27189923E+06 0.25654637E-11
0.25118864E+06 0.27393779E-11
0.22909471E+06 0.29563460E-11
0.19952623E+06 0.32936787E-11
0.19725874E+06 0.33166933E-11
0.19515805E+06 0.33511829E-11
0.18395519E+06 0.35161371E-11
0.16505532E+06 0.38400205E-11
0.15848931E+06 0.39709676E-11
0.13913610E+06 0.44219937E-11
0.13381112E+06 0.45477170E-11
0.12589254E+06 0.47809970E-11
0.11856498E+06 0.50100632E-11
0.10101691E+06 0.57066834E-11
0.10027599E+06 0.57409320E-11
0.10017666E+06 0.57444002E-11
0.10000000E+06 0.57540023E-11
0.84549122E+05 0.66086721E-11
0.79432823E+05 0.69382422E-11
0.72060530E+05 0.74856874E-11
0.63095734E+05 0.83393434E-11
0.61111457E+05 0.85426754E-11
0.55201328E+05 0.93073991E-11
0.51391331E+05 0.98728619E-11
0.50118723E+05 0.10067675E-10
0.43803427E+05 0.11181903E-10
0.39810717E+05 0.12085435E-10
0.37256811E+05 0.12704844E-10
0.31622776E+05 0.14587749E-10
0.31313472E+05 0.14695386E-10
0.30384983E+05 0.15070194E-10
0.26626089E+05 0.16703858E-10
0.25118864E+05 0.17514643E-10
0.22712227E+05 0.18896800E-10
0.19952623E+05 0.21077726E-10
0.19170906E+05 0.21717703E-10
0.16957184E+05 0.24067119E-10
0.16179910E+05 0.24963972E-10
0.15848931E+05 0.25387668E-10
0.14799748E+05 0.26318990E-10
0.13840251E+05 0.28123015E-10
0.12589254E+05 0.30463851E-10
0.11731087E+05 0.32119623E-10
0.10000000E+05 0.36719199E-10
0.98752341E+04 0.37064382E-10
0.95097430E+04 0.38248031E-10
0.84245049E+04 0.41923861E-10
0.82259857E+04 0.42697452E-10
0.79432823E+04 0.44062558E-10
0.71688368E+04 0.47599766E-10
0.68484470E+04 0.48932078E-10
0.63095734E+04 0.52995031E-10
0.60543917E+04 0.54660310E-10
0.53332537E+04 0.60783488E-10
0.51131439E+04 0.62769090E-10
0.50118723E+04 0.63846391E-10
0.43657568E+04 0.70906909E-10
0.39810717E+04 0.76671242E-10
0.38345648E+04 0.78225023E-10
0.36966296E+04 0.81108982E-10
0.31622776E+04 0.92557913E-10
0.31073053E+04 0.93799814E-10
0.29354518E+04 0.98424431E-10
0.26359069E+04 0.10699974E-09
0.25118864E+04 0.11153624E-09
0.22333797E+04 0.12227396E-09
0.21467122E+04 0.12509218E-09
0.19952623E+04 0.13481586E-09
0.18763021E+04 0.14152191E-09
0.17674517E+04 0.14658271E-09
0.15848931E+04 0.16396527E-09
0.15642795E+04 0.16569382E-09
0.14471746E+04 0.17367447E-09
0.13120723E+04 0.19223885E-09
0.12589254E+04 0.19958591E-09
0.10958504E+04 0.22446620E-09
0.10000000E+04 0.24424545E-09
0.89345085E+03 0.27175144E-09
0.79432823E+03 0.30312933E-09
0.75713408E+03 0.31800377E-09
0.70807056E+03 0.34329150E-09
0.63095734E+03 0.38713588E-09
0.52831282E+03 0.47472394E-09
0.50118723E+03 0.50544044E-09
0.40366241E+03 0.63350551E-09
0.40109210E+03 0.63722037E-09
0.39810717E+03 0.64159210E-09
0.36464998E+03 0.65760267E-09
0.35231284E+03 0.65602577E-09
0.33886294E+03 0.65424701E-09
0.32152968E+03 0.63614599E-09
0.32021840E+03 0.63475836E-09
0.31622776E+03 0.62559421E-09
0.31596662E+03 0.57718634E-09
0.31596562E+03 0.57694980E-09
0.31568897E+03 0.51509666E-09
0.31548482E+03 0.46006681E-09
0.31548272E+03 0.45953066E-09
0.31548118E+03 0.45899124E-09
0.31533309E+03 0.40984868E-09
0.31533180E+03 0.40927017E-09
0.31522839E+03 0.36546002E-09
0.31522744E+03 0.36488318E-09
0.31515935E+03 0.32582362E-09
0.31515875E+03 0.32527335E-09
0.31511862E+03 0.29044691E-09
0.31511834E+03 0.28993736E-09
0.31510037E+03 0.25888356E-09
0.31510036E+03 0.25842168E-09
0.31509997E+03 0.23073065E-09
0.31510019E+03 0.23031869E-09
0.31511376E+03 0.20562542E-09
0.31513843E+03 0.18355875E-09
0.31513881E+03 0.18324200E-09
0.31513932E+03 0.18292592E-09
0.31517281E+03 0.16328817E-09
0.31517341E+03 0.16301527E-09
0.31521393E+03 0.14550226E-09
0.31521458E+03 0.14526853E-09
0.31526070E+03 0.12965017E-09
0.31526138E+03 0.12945150E-09
0.31531196E+03 0.11552266E-09
0.31531265E+03 0.11535501E-09
0.31536680E+03 0.10293282E-09
0.31536748E+03 0.10279238E-09
0.31542448E+03 0.91713817E-10
0.31542514E+03 0.91597065E-10
0.31548442E+03 0.81716732E-10
0.31548505E+03 0.81620468E-10
0.31554615E+03 0.72808740E-10
0.31554675E+03 0.72730095E-10
0.31560933E+03 0.64871376E-10
0.31560987E+03 0.64807800E-10
0.31567364E+03 0.57799007E-10
0.31573842E+03 0.51537457E-10
0.31573886E+03 0.51497459E-10
0.31573930E+03 0.51457563E-10
0.31580481E+03 0.45882782E-10
0.31580520E+03 0.45852032E-10
0.31587134E+03 0.40880154E-10
0.31587166E+03 0.40857067E-10
0.31593833E+03 0.36422888E-10
0.31593860E+03 0.36406185E-10
0.31600569E+03 0.32451554E-10
0.31600590E+03 0.32440136E-10
0.31607335E+03 0.28913191E-10
0.31607350E+03 0.28906118E-10
0.31614125E+03 0.25760607E-10
0.31614133E+03 0.25757077E-10
0.31620935E+03 0.22951749E-10
0.31620936E+03 0.22951080E-10
0.31622776E+03 0.22247816E-10
0.31802507E+03 0.20338387E-10
0.31808795E+03 0.20274821E-10
0.32050696E+03 0.17986240E-10
0.32065752E+03 0.17853185E-10
0.32301131E+03 0.15905969E-10
0.32325127E+03 0.15720541E-10
0.32553773E+03 0.14066191E-10
0.32586873E+03 0.13842477E-10
0.32808594E+03 0.12439136E-10
0.32850958E+03 0.12188655E-10
0.33065572E+03 0.11000231E-10
0.33117358E+03 0.10732337E-10
0.33324695E+03 0.97277338E-11
0.33386059E+03 0.94499633E-11
0.33585955E+03 0.86024103E-11
0.33657053E+03 0.83207741E-11
0.33849350E+03 0.76072472E-11
0.33930336E+03 0.73264841E-11
0.34114880E+03 0.67271950E-11
0.34205911E+03 0.64509863E-11
0.34382548E+03 0.59489429E-11
0.34483781E+03 0.56800942E-11
0.34652362E+03 0.52607178E-11
0.34763955E+03 0.50013136E-11
0.34924331E+03 0.46521078E-11
0.35046442E+03 0.44036414E-11
0.35198463E+03 0.41139041E-11
0.35331255E+03 0.38773880E-11
0.35474771E+03 0.36379629E-11
0.35618406E+03 0.34140206E-11
0.35753267E+03 0.32170820E-11
0.35907909E+03 0.30060256E-11
0.36033965E+03 0.28448921E-11
0.36199781E+03 0.26467866E-11
0.36316879E+03 0.25157607E-11
0.36494038E+03 0.23304778E-11
0.36602025E+03 0.22247066E-11
0.36790696E+03 0.20519692E-11
0.36889417E+03 0.19673248E-11
0.37089774E+03 0.18067438E-11
0.37179073E+03 0.17397197E-11
0.37391289E+03 0.15908242E-11
0.37471009E+03 0.15384467E-11
0.37695260E+03 0.14007084E-11
0.37937352E+03 0.12666126E-11
0.38001706E+03 0.12333127E-11
0.38061787E+03 0.12030638E-11
0.38310647E+03 0.10859219E-11
0.38360664E+03 0.10638777E-11
0.38622102E+03 0.95614553E-12
0.38661891E+03 0.94079450E-12
0.38936091E+03 0.84187834E-12
0.38965484E+03 0.83195106E-12
0.39252634E+03 0.74126696E-12
0.39271464E+03 0.73570003E-12
0.39571753E+03 0.65267943E-12
0.39579847E+03 0.65058456E-12
0.39810717E+03 0.59374507E-12
0.39971638E+03 0.57415072E-12
0.39983463E+03 0.57273964E-12
0.40605391E+03 0.50372576E-12
0.40664282E+03 0.49768917E-12
0.41249193E+03 0.44193908E-12
0.41356695E+03 0.43247311E-12
0.41481561E+03 0.42176221E-12
0.42060900E+03 0.37580281E-12
0.42567585E+03 0.34017222E-12
0.42777096E+03 0.32655844E-12
0.43242500E+03 0.29844689E-12
0.43505488E+03 0.28376694E-12
0.43812096E+03 0.26766390E-12
0.44246283E+03 0.24658273E-12
0.44624605E+03 0.22972247E-12
0.44999693E+03 0.21427106E-12
0.45332136E+03 0.20154484E-12
0.45765932E+03 0.18619344E-12
0.46050885E+03 0.17682345E-12
0.46545219E+03 0.16179505E-12
0.46781031E+03 0.15513438E-12
0.47337775E+03 0.14059377E-12
0.47522753E+03 0.13610568E-12
0.48143827E+03 0.12217066E-12
0.48276236E+03 0.11941103E-12
0.48963604E+03 0.10616168E-12
0.49041665E+03 0.10476414E-12
0.49797340E+03 0.92250481E-13
0.49819231E+03 0.91913826E-13
0.50118723E+03 0.87443482E-13
0.51095691E+03 0.79871820E-13
0.51250471E+03 0.78746465E-13
0.52714410E+03 0.68999908E-13
0.53133089E+03 0.66486008E-13
0.54384410E+03 0.59607847E-13
0.55084863E+03 0.56134447E-13
0.56107316E+03 0.51494206E-13
0.57108333E+03 0.47394575E-13
0.58510394E+03 0.42297219E-13
0.59206133E+03 0.40015460E-13
0.59718604E+03 0.38429808E-13
0.61380992E+03 0.33785240E-13
0.61610498E+03 0.33198858E-13
0.63095734E+03 0.29688587E-13
0.64309648E+03 0.28077838E-13
0.67931838E+03 0.23916878E-13
0.69712372E+03 0.22172418E-13
0.73563969E+03 0.18942947E-13
0.75568985E+03 0.17509045E-13
0.76553001E+03 0.16858372E-13
0.79432823E+03 0.15131080E-13
0.82747147E+03 0.13900321E-13
0.85739122E+03 0.12912469E-13
0.92097163E+03 0.11130934E-13
0.10000000E+04 0.93826902E-14
0.10406778E+04 0.87793341E-14
0.11726533E+04 0.71948773E-14
0.12367495E+04 0.65840951E-14
0.12589254E+04 0.63919006E-14
0.15665938E+04 0.46325641E-14
0.15848931E+04 0.45540266E-14
0.16791728E+04 0.41988924E-14
0.19952623E+04 0.32952513E-14
0.21158750E+04 0.29685395E-14
0.23621997E+04 0.24404012E-14
0.25118864E+04 0.21877243E-14
0.30626776E+04 0.15437440E-14
0.31622776E+04 0.14592613E-14
0.31950602E+04 0.14331736E-14
0.32618935E+04 0.13822073E-14
0.39810717E+04 0.97549236E-15
0.43470952E+04 0.83671722E-15
0.50118723E+04 0.65276408E-15
0.50740780E+04 0.63888211E-15
0.52047129E+04 0.61119908E-15
0.59249573E+04 0.48763249E-15
0.63095734E+04 0.43701168E-15
0.69193323E+04 0.37214627E-15
0.79432823E+04 0.29263355E-15
0.83750830E+04 0.26686657E-15
0.94392036E+04 0.21669181E-15
0.10000000E+05 0.19597404E-15
0.11630047E+05 0.15122197E-15
0.12589254E+05 0.13198624E-15
0.13146710E+05 0.12358357E-15
0.15848931E+05 0.93048605E-16
0.16417552E+05 0.88200177E-16
0.19952623E+05 0.65598696E-16
0.20502491E+05 0.62946449E-16
0.25118864E+05 0.46246880E-16
0.25604015E+05 0.44923107E-16
0.31622776E+05 0.32603973E-16
0.31975034E+05 0.32060246E-16
0.39810717E+05 0.22985767E-16
0.39950071E+05 0.22869691E-16
0.50118723E+05 0.16465519E-16
0.51857923E+05 0.15702281E-16
0.63095734E+05 0.11952055E-16
0.69596125E+05 0.10427802E-16
0.79432823E+05 0.86758051E-17
0.93401771E+05 0.69250474E-17
0.10000000E+06 0.62976278E-17
0.12535024E+06 0.45988862E-17
0.12589254E+06 0.45713472E-17
0.12786483E+06 0.44735384E-17
0.15848931E+06 0.33182677E-17
0.16822684E+06 0.30540951E-17
0.19952623E+06 0.24086774E-17
0.22576957E+06 0.20282077E-17
0.25118864E+06 0.17484203E-17
0.29059356E+06 0.14044034E-17
0.31622776E+06 0.12367739E-17
0.34141643E+06 0.10653527E-17
0.37199321E+06 0.90151993E-18
0.38556350E+06 0.84077917E-18
0.39810717E+06 0.78997617E-18
0.43541904E+06 0.66354509E-18
0.48133902E+06 0.54588511E-18
0.49172119E+06 0.52367150E-18
0.50118723E+06 0.50458885E-18
0.55530352E+06 0.41328290E-18
0.62282656E+06 0.33054239E-18
0.63095734E+06 0.32230074E-18
0.70819594E+06 0.25740941E-18
0.79432823E+06 0.20586616E-18
0.79976968E+06 0.20314817E-18
0.80590376E+06 0.20014884E-18
0.10000000E+07 0.13149481E-18
0.10199712E+07 0.12652895E-18
0.10427957E+07 0.12119341E-18
0.11518593E+07 0.99856978E-19
0.12589254E+07 0.83990908E-19
0.13008012E+07 0.78807384E-19
0.13493210E+07 0.73384600E-19
0.14690022E+07 0.62194991E-19
0.15848931E+07 0.53648296E-19
0.16589525E+07 0.49084447E-19
0.17459481E+07 0.44435579E-19
0.18734644E+07 0.38737572E-19
0.19952623E+07 0.34267276E-19
0.21249249E+07 0.30439272E-19
0.23077366E+07 0.26061445E-19
0.24214136E+07 0.23807230E-19
0.25118864E+07 0.22219570E-19
0.27625000E+07 0.18598399E-19
0.31406956E+07 0.14629823E-19
0.31530724E+07 0.14522584E-19
0.31622776E+07 0.14443606E-19
0.35988654E+07 0.11339979E-19
0.39810717E+07 0.93889202E-20
0.41076862E+07 0.88548376E-20
0.42849148E+07 0.81820960E-20
0.46884460E+07 0.69143116E-20
0.50118723E+07 0.61031725E-20
0.53513157E+07 0.53990492E-20
0.58459964E+07 0.45760425E-20
0.61079044E+07 0.42158547E-20
0.63095734E+07 0.39673055E-20
0.68158716E+07 0.34973174E-20
0.79432823E+07 0.27235514E-20
0.88331746E+07 0.23155867E-20
0.10000000E+08 0.19156588E-20
0.10984556E+08 0.16595690E-20
0.12589254E+08 0.13474129E-20
0.15316486E+08 0.97827192E-21
0.15848931E+08 0.92518503E-21
0.15988670E+08 0.90566066E-21
0.16064328E+08 0.89533180E-21
0.17329398E+08 0.74472233E-21
0.18181948E+08 0.66270041E-21
0.18782552E+08 0.61238317E-21
0.19952623E+08 0.52875381E-21
0.20910217E+08 0.49025194E-21
0.25118864E+08 0.36473199E-21
0.26685699E+08 0.33216967E-21
0.31178082E+08 0.26117311E-21
0.31622776E+08 0.25551867E-21
0.38504045E+08 0.18848270E-21
0.39810717E+08 0.17900757E-21
0.47551402E+08 0.13602368E-21
0.50118723E+08 0.12540653E-21
0.58724630E+08 0.98165204E-22
0.63095734E+08 0.87855499E-22
0.72523249E+08 0.70843598E-22
0.79432823E+08 0.61548535E-22
0.89564152E+08 0.51126215E-22
0.10000000E+09 0.43118783E-22
0.11060918E+09 0.36896628E-22
0.12589254E+09 0.30207533E-22
0.13659919E+09 0.26627458E-22
0.15848931E+09 0.21162357E-22
0.16869612E+09 0.19216432E-22
0.19952623E+09 0.14825618E-22
0.20833492E+09 0.13868062E-22
0.25118864E+09 0.10386317E-22
0.25728771E+09 0.10008265E-22
0.31622776E+09 0.72762959E-23
0.31774301E+09 0.72227379E-23
0.33487531E+09 0.66596770E-23
0.39240359E+09 0.52124859E-23
0.39810717E+09 0.50975222E-23
0.48460728E+09 0.37617326E-23
0.50118723E+09 0.35711484E-23
0.59847622E+09 0.27147570E-23
0.63095734E+09 0.25018235E-23
0.64810387E+09 0.24734944E-23
0.66338475E+09 0.24491330E-23
0.72134701E+09 0.23635321E-23
0.79432823E+09 0.22687384E-23
0.79956428E+09 0.22650150E-23
0.80166835E+09 0.22635273E-23
0.80659939E+09 0.22600600E-23
0.87901165E+09 0.22120040E-23
0.94042518E+09 0.21749717E-23
0.96381686E+09 0.21616535E-23
0.10000000E+10 0.21418288E-23
0.10402527E+10 0.21208021E-23
0.10568038E+10 0.21124493E-23
0.10964542E+10 0.20930873E-23
0.11587618E+10 0.20643653E-23
0.12589254E+10 0.20220193E-23
0.12705565E+10 0.20173759E-23
0.12783702E+10 0.20142863E-23
0.13931367E+10 0.19714567E-23
0.14904676E+10 0.19384531E-23
0.15275430E+10 0.19265828E-23
0.15848931E+10 0.19089132E-23
0.16749162E+10 0.18827307E-23
0.17377537E+10 0.18654759E-23
0.18365074E+10 0.18398772E-23
0.19952623E+10 0.18021356E-23
0.20136883E+10 0.17979991E-23
0.20260664E+10 0.17952468E-23
0.22079623E+10 0.17570753E-23
0.23622111E+10 0.17276634E-23
0.24209792E+10 0.17170829E-23
0.25118864E+10 0.17013330E-23
0.26545464E+10 0.16780016E-23
0.27541229E+10 0.16626258E-23
0.29106467E+10 0.16398103E-23
0.31622776E+10 0.16061715E-23
0.31914542E+10 0.16024885E-23
0.33995375E+10 0.15773867E-23
0.34993500E+10 0.15660181E-23
0.37437840E+10 0.15398097E-23
0.38369500E+10 0.15303777E-23
0.39810717E+10 0.15163372E-23
0.42169767E+10 0.13670256E-23
0.46406177E+10 0.11505729E-23
0.48690945E+10 0.10551875E-23
0.50118723E+10 0.10016774E-23
0.56625817E+10 0.80865519E-24
0.63095734E+10 0.66891520E-24
0.71204246E+10 0.53953425E-24
0.76389148E+10 0.47615264E-24
0.79432823E+10 0.44419904E-24
0.86405019E+10 0.37517932E-24
0.93877980E+10 0.31763785E-24
0.96868964E+10 0.29825876E-24
0.10000000E+11 0.27981044E-24
0.10860012E+11 0.23710871E-24
0.11780302E+11 0.20139245E-24
0.12589254E+11 0.17625856E-24
0.14605013E+11 0.14004767E-24
0.15848931E+11 0.12339882E-24
0.16613931E+11 0.12024561E-24
0.17696160E+11 0.11615014E-24
0.18752328E+11 0.11251102E-24
0.19952623E+11 0.10874246E-24
0.20702259E+11 0.98800720E-25
0.21052393E+11 0.94585734E-25
0.22247253E+11 0.81941039E-25
0.23376222E+11 0.72047079E-25
0.25118864E+11 0.59764520E-25
0.25503050E+11 0.56778738E-25
0.25606410E+11 0.56008611E-25
0.26769009E+11 0.48210936E-25
0.27226724E+11 0.45528651E-25
0.28097810E+11 0.40935999E-25
0.28949566E+11 0.37009631E-25
0.30481368E+11 0.31096316E-25
0.30781426E+11 0.30084634E-25
0.30956568E+11 0.29513794E-25
0.31622776E+11 0.27466467E-25
0.37414039E+11 0.20009026E-25
0.38751751E+11 0.18727790E-25
0.39810717E+11 0.17800437E-25
0.46925734E+11 0.14244960E-25
0.50118723E+11 0.13029276E-25
0.51483184E+11 0.12563552E-25
0.63095734E+11 0.95369591E-26
0.65921872E+11 0.87447688E-26
0.69006291E+11 0.79881247E-26
0.74147445E+11 0.69291773E-26
0.79432823E+11 0.60464251E-26
0.87268683E+11 0.50059929E-26
0.93372645E+11 0.43707725E-26
0.10000000E+12 0.38087721E-26
0.10462058E+12 0.34766480E-26
0.10926576E+12 0.31845765E-26
0.11712308E+12 0.27678041E-26
0.12589254E+12 0.23921972E-26
0.13615643E+12 0.20404248E-26
0.14658103E+12 0.17567100E-26
0.15848931E+12 0.14991980E-26
0.16392708E+12 0.13999971E-26
0.16923427E+12 0.13123369E-26
0.18332582E+12 0.11157174E-26
0.19952623E+12 0.93955248E-27
0.20502017E+12 0.88916277E-27
0.21034805E+12 0.84405377E-27
0.22928177E+12 0.70861172E-27
0.25118864E+12 0.58882070E-27
0.25641443E+12 0.56472288E-27
0.26145001E+12 0.54286878E-27
0.28675791E+12 0.45005174E-27
0.31622776E+12 0.36901592E-27
0.32069217E+12 0.35866542E-27
0.32496667E+12 0.34915609E-27
0.39810717E+12 0.23126352E-27
0.40108298E+12 0.22779470E-27
0.40391407E+12 0.22456619E-27
0.44854620E+12 0.18153931E-27
0.50118723E+12 0.14493362E-27
0.50162610E+12 0.14467641E-27
0.50204096E+12 0.14443389E-27
0.56098734E+12 0.11529880E-27
0.62400679E+12 0.92895331E-28
0.62737326E+12 0.91886531E-28
0.63095734E+12 0.90830392E-28
0.70161513E+12 0.73228294E-28
0.77560300E+12 0.59747349E-28
0.78464261E+12 0.58358749E-28
0.79432823E+12 0.56923713E-28
0.87749536E+12 0.46508575E-28
0.96402799E+12 0.38427611E-28
0.98133609E+12 0.37064666E-28
0.10000000E+13 0.35674282E-28
0.10000000E+13 0.91364581E-21
0.11748975E+07 0.71742725E-12
