Collider description not available,


0.10000000E+07 0.47925522E-01
0.12589254E+07 0.38068595E-01
0.15848931E+07 0.30238960E-01
0.19952623E+07 0.24019660E-01
0.25118864E+07 0.19079494E-01
0.31622776E+07 0.15155380E-01
0.39810717E+07 0.12038347E-01
0.50118723E+07 0.95623989E-02
0.63095734E+07 0.75956834E-02
0.79432823E+07 0.60334658E-02
0.10000000E+08 0.47925522E-02
0.12589254E+08 0.38068595E-02
0.15848931E+08 0.30238960E-02
0.19952623E+08 0.24019660E-02
0.25118864E+08 0.19079494E-02
0.31622776E+08 0.15155381E-02
0.39810717E+08 0.12038347E-02
0.50118723E+08 0.95623996E-03
0.63095734E+08 0.75956843E-03
0.79432823E+08 0.60334669E-03
0.10000000E+09 0.53696794E-03
0.12589254E+09 0.53696813E-03
0.15848931E+09 0.69911747E-03
0.19952623E+09 0.69911747E-03
0.25118864E+09 0.69911747E-03
0.31622776E+09 0.69911747E-03
0.39810717E+09 0.69911747E-03
0.50118723E+09 0.69911747E-03
0.63095734E+09 0.69911747E-03
0.79432823E+09 0.69911747E-03
0.10000000E+10 0.69911747E-03
0.12589254E+10 0.69911747E-03
0.15848931E+10 0.69911747E-03
0.19952623E+10 0.69911747E-03
0.25118864E+10 0.69911747E-03
0.31622776E+10 0.69911747E-03
0.39810717E+10 0.69911747E-03
0.50118723E+10 0.69911747E-03
0.63095734E+10 0.69911747E-03
0.79432823E+10 0.69911747E-03
0.10000000E+11 0.69911747E-03
