Transparency constraint FERMILAT (hole),


0.31622776E-08 0.38273660E-10
0.30888726E-08 0.33014140E-10
0.30888726E-08 0.27957607E-10
0.28117713E-08 0.25026493E-10
0.25595286E-08 0.23243418E-10
0.23299682E-08 0.21587383E-10
0.22230027E-08 0.18281002E-10
0.22230027E-08 0.15772480E-10
0.23853384E-08 0.15481035E-10
0.27465025E-08 0.15772480E-10
0.35564769E-08 0.16978526E-10
0.38161900E-08 0.18281002E-10
0.40948688E-08 0.20049336E-10
0.42919040E-08 0.23675545E-10
0.46054280E-08 0.29013491E-10
0.47148730E-08 0.32411564E-10
0.44984199E-08 0.38985220E-10
0.42919040E-08 0.42756288E-10
0.39998158E-08 0.46036256E-10
0.34739214E-08 0.46036256E-10
0.33144387E-08 0.41975898E-10
