#Relic ALP decay photons not found in EBL,
#Cadamuro and Redondo.
#
0.10000000E+01 0.35813745E-07
0.10448915E+01 0.31024634E-07
0.10579415E+01 0.29791016E-07
0.10992826E+01 0.26282610E-07
0.11290950E+01 0.24081421E-07
0.11565087E+01 0.22265319E-07
0.12050421E+01 0.19465900E-07
0.12167173E+01 0.18862017E-07
0.12589254E+01 0.16872605E-07
0.12800638E+01 0.15978876E-07
0.12861046E+01 0.15734878E-07
0.13467115E+01 0.13536403E-07
0.13726260E+01 0.12718898E-07
0.14202264E+01 0.11377914E-07
0.14649730E+01 0.10280953E-07
0.14906043E+01 0.97143891E-08
0.15635371E+01 0.83102784E-08
0.15848931E+01 0.79498835E-08
0.16483414E+01 0.69779957E-08
0.16661934E+01 0.67327075E-08
0.17321321E+01 0.59182983E-08
0.17748802E+01 0.54578838E-08
0.18525384E+01 0.47341651E-08
0.18906592E+01 0.44244365E-08
0.19127116E+01 0.42572423E-08
0.19952623E+01 0.36997364E-08
0.20124966E+01 0.35906669E-08
0.21045016E+01 0.30734672E-08
0.21330315E+01 0.29327967E-08
0.22045339E+01 0.26149360E-08
0.22607869E+01 0.23954571E-08
0.23093216E+01 0.22248126E-08
0.23961953E+01 0.19565661E-08
0.24190906E+01 0.18928915E-08
0.25118864E+01 0.16605358E-08
0.25340777E+01 0.16104896E-08
0.25397148E+01 0.15980870E-08
0.26545311E+01 0.13702191E-08
0.26918312E+01 0.13052873E-08
0.27807103E+01 0.11657947E-08
0.28530594E+01 0.10661336E-08
0.29785667E+01 0.91783201E-09
0.30239449E+01 0.87079726E-09
0.30513480E+01 0.84389054E-09
0.31622776E+01 0.74529856E-09
0.31963902E+01 0.71798947E-09
0.32050661E+01 0.71125013E-09
0.33483270E+01 0.61087168E-09
0.33970362E+01 0.58093506E-09
0.34802701E+01 0.53401315E-09
0.36005048E+01 0.47449622E-09
0.36742109E+01 0.44219495E-09
0.38161607E+01 0.38755904E-09
0.38488609E+01 0.37622326E-09
0.39810717E+01 0.33451387E-09
0.40318128E+01 0.32009397E-09
0.40447337E+01 0.31655046E-09
0.42234613E+01 0.27233869E-09
0.42869975E+01 0.25855206E-09
0.44242197E+01 0.23170808E-09
0.45437722E+01 0.21118012E-09
0.46345210E+01 0.19713920E-09
0.48159268E+01 0.17248766E-09
0.48548189E+01 0.16772771E-09
0.50118723E+01 0.15014079E-09
0.51506254E+01 0.13899139E-09
0.54450365E+01 0.11878923E-09
0.56179838E+01 0.10874446E-09
0.57994922E+01 0.99400345E-10
0.61277495E+01 0.85079780E-10
0.61770221E+01 0.83176130E-10
0.63095734E+01 0.78333019E-10
0.71138604E+01 0.60620547E-10
0.74675093E+01 0.54651501E-10
0.79432823E+01 0.47895105E-10
0.85242335E+01 0.41190290E-10
0.91445498E+01 0.35449942E-10
0.10000000E+02 0.29284473E-10
0.10214223E+02 0.27987869E-10
0.11198217E+02 0.22994764E-10
0.12239265E+02 0.19017123E-10
0.12392022E+02 0.18519774E-10
0.12589254E+02 0.17905386E-10
0.13713094E+02 0.14915657E-10
0.14665787E+02 0.12921703E-10
0.15175001E+02 0.12012934E-10
0.15848931E+02 0.10947879E-10
0.16777265E+02 0.96840428E-11
0.17522385E+02 0.88183639E-11
0.18535847E+02 0.78120573E-11
0.19952623E+02 0.66655086E-11
0.20461386E+02 0.63072901E-11
0.20836003E+02 0.60611668E-11
0.22532761E+02 0.51046203E-11
0.24596332E+02 0.42118446E-11
0.24813829E+02 0.41312747E-11
0.26302679E+02 0.37535547E-11
0.26302679E+02 0.24031562E-05
0.10000000E+01 0.32417750E-03
0.10000000E+01 0.35813745E-07
