HBalpbound from Ayala et al. 


0.10000000E-14 0.10835105E+04
0.10000000E-03 0.10835105E+04
0.10000000E-02 0.10835105E+04
0.10000000E+00 0.10835105E+04
0.10000000E+01 0.10835105E+04
0.10000000E+02 0.10835104E+04
0.10715193E+02 0.10835104E+04
0.11481536E+02 0.10835103E+04
0.12302687E+02 0.10835103E+04
0.13182567E+02 0.10835103E+04
0.14125375E+02 0.10835102E+04
0.15135612E+02 0.10835102E+04
0.16218100E+02 0.10835102E+04
0.17378008E+02 0.10835101E+04
0.18620871E+02 0.10835100E+04
0.19952623E+02 0.10835099E+04
0.21379620E+02 0.10835099E+04
0.22908676E+02 0.10835098E+04
0.24547089E+02 0.10835096E+04
0.26302679E+02 0.10835095E+04
0.28183829E+02 0.10835094E+04
0.30199517E+02 0.10835092E+04
0.32359365E+02 0.10835090E+04
0.34673685E+02 0.10835087E+04
0.37153522E+02 0.10835085E+04
0.39810717E+02 0.10835082E+04
0.42657951E+02 0.10835078E+04
0.45708818E+02 0.10835074E+04
0.48977881E+02 0.10835069E+04
0.52480746E+02 0.10835064E+04
0.56234132E+02 0.10835058E+04
0.60255958E+02 0.10835051E+04
0.64565422E+02 0.10835043E+04
0.69183097E+02 0.10835034E+04
0.74131024E+02 0.10835023E+04
0.79432823E+02 0.10835011E+04
0.85113803E+02 0.10834997E+04
0.91201083E+02 0.10834981E+04
0.97723722E+02 0.10834962E+04
0.10471285E+03 0.10834941E+04
0.11220184E+03 0.10834917E+04
0.12022644E+03 0.10834889E+04
0.12882495E+03 0.10834857E+04
0.13803842E+03 0.10834821E+04
0.14791083E+03 0.10834779E+04
0.15848931E+03 0.10834730E+04
0.16982436E+03 0.10834675E+04
0.18197008E+03 0.10834612E+04
0.19498445E+03 0.10834539E+04
0.20892961E+03 0.10834456E+04
0.22387211E+03 0.10834360E+04
0.23988329E+03 0.10834250E+04
0.25703957E+03 0.10834124E+04
0.27542287E+03 0.10833980E+04
0.29512092E+03 0.10833815E+04
0.31622776E+03 0.10833625E+04
0.33884415E+03 0.10833408E+04
0.36307805E+03 0.10833158E+04
0.38904514E+03 0.10832873E+04
0.41686938E+03 0.10832546E+04
0.44668359E+03 0.10832171E+04
0.47863009E+03 0.10831742E+04
0.51286138E+03 0.10831251E+04
0.54954087E+03 0.10830688E+04
0.58884365E+03 0.10830044E+04
0.63095734E+03 0.10829307E+04
0.67608297E+03 0.10828463E+04
0.72443596E+03 0.10827498E+04
0.77624711E+03 0.10826394E+04
0.83176377E+03 0.10825131E+04
0.89125093E+03 0.10823688E+04
0.95499258E+03 0.10822038E+04
0.10232929E+04 0.10820154E+04
0.10964781E+04 0.10818001E+04
0.11748975E+04 0.10815544E+04
0.12589254E+04 0.10812739E+04
0.13489628E+04 0.10809539E+04
0.14454397E+04 0.10805890E+04
0.15488166E+04 0.10801730E+04
0.16595869E+04 0.10796991E+04
0.17782794E+04 0.10791594E+04
0.19054607E+04 0.10785451E+04
0.20417379E+04 0.10778463E+04
0.21877616E+04 0.10770519E+04
0.23442288E+04 0.10761494E+04
0.25118864E+04 0.10751246E+04
0.26915348E+04 0.10739619E+04
0.28840315E+04 0.10726437E+04
0.30902954E+04 0.10711502E+04
0.33113112E+04 0.10694598E+04
0.35481338E+04 0.10675479E+04
0.38018939E+04 0.10653876E+04
0.40738027E+04 0.10629491E+04
0.43651583E+04 0.10601991E+04
0.46773514E+04 0.10571014E+04
0.50118723E+04 0.10536159E+04
0.53703179E+04 0.10496986E+04
0.57543993E+04 0.10453017E+04
0.61659500E+04 0.10403730E+04
0.66069344E+04 0.10348558E+04
0.70794578E+04 0.10286890E+04
0.75857757E+04 0.10218070E+04
0.81283051E+04 0.10141394E+04
0.87096358E+04 0.10056115E+04
0.93325430E+04 0.99614462E+03
0.10000000E+05 0.98565591E+03
0.10715193E+05 0.97405972E+03
0.11481536E+05 0.96126793E+03
0.12302687E+05 0.94719131E+03
0.13182567E+05 0.93174070E+03
0.14125375E+05 0.91482882E+03
0.15135612E+05 0.89637231E+03
0.16218100E+05 0.87629407E+03
0.17378008E+05 0.85452596E+03
0.18620871E+05 0.83101185E+03
0.19952623E+05 0.80571081E+03
0.21379620E+05 0.77860049E+03
0.22908676E+05 0.74968066E+03
0.24547089E+05 0.71897658E+03
0.26302679E+05 0.68654227E+03
0.28183829E+05 0.65246370E+03
0.30199517E+05 0.61686135E+03
0.32359365E+05 0.57989264E+03
0.34673685E+05 0.54175367E+03
0.37153522E+05 0.50268034E+03
0.39810717E+05 0.46294859E+03
0.42657951E+05 0.42287336E+03
0.45708818E+05 0.38280604E+03
0.48977881E+05 0.34312971E+03
0.52480746E+05 0.30425110E+03
0.56234132E+05 0.26659352E+03
0.60255958E+05 0.23057656E+03
0.64565422E+05 0.19660617E+03
0.69183097E+05 0.16505238E+03
0.74131024E+05 0.13623024E+03
0.79432823E+05 0.11038091E+03
0.85113803E+05 0.87655830E+02
0.91201083E+05 0.68106099E+02
0.97723722E+05 0.51678999E+02
0.10471285E+06 0.38222538E+02
0.11220184E+06 0.27498158E+02
0.12022644E+06 0.19200434E+02
0.12882495E+06 0.12981526E+02
0.13803842E+06 0.84774730E+01
0.14791083E+06 0.53331204E+01
0.15848931E+06 0.32228736E+01
0.16982436E+06 0.18652757E+01
0.18197008E+06 0.10305846E+01
0.19498445E+06 0.54171811E+00
0.20892961E+06 0.26990957E+00
0.22387211E+06 0.12697403E+00
0.23988329E+06 0.56161877E-01
0.25703957E+06 0.23251448E-01
0.27542287E+06 0.89671711E-02
0.29512092E+06 0.32049922E-02
0.31622776E+06 0.10557877E-02
0.31622776E+06 0.34158373E-03
0.29512092E+06 0.10513457E-03
0.27542287E+06 0.35115430E-04
0.25703957E+06 0.12658418E-04
0.23988329E+06 0.48997504E-05
0.22387211E+06 0.20268147E-05
0.20892961E+06 0.89201303E-06
0.19498445E+06 0.41595523E-06
0.18197008E+06 0.20472120E-06
0.16982436E+06 0.10596343E-06
0.15848931E+06 0.57486867E-07
0.14791083E+06 0.32586857E-07
0.13803842E+06 0.19244761E-07
0.12882495E+06 0.11808669E-07
0.12022644E+06 0.75095103E-08
0.11220184E+06 0.49376995E-08
0.10471285E+06 0.33495894E-08
0.97723722E+05 0.23395395E-08
0.91201083E+05 0.16792715E-08
0.85113803E+05 0.12365173E-08
0.79432823E+05 0.93251954E-09
0.74131024E+05 0.71917088E-09
0.69183097E+05 0.56637547E-09
0.64565422E+05 0.45487944E-09
0.60255958E+05 0.37210415E-09
0.56234132E+05 0.30966881E-09
0.52480746E+05 0.26188557E-09
0.48977881E+05 0.22482684E-09
0.45708818E+05 0.19573597E-09
0.42657951E+05 0.17264830E-09
0.39810717E+05 0.15414321E-09
0.37153522E+05 0.13917936E-09
0.34673685E+05 0.12698348E-09
0.32359365E+05 0.11697424E-09
0.30199517E+05 0.10870944E-09
0.28183829E+05 0.10184897E-09
0.26302679E+05 0.96128375E-10
0.24547089E+05 0.91339901E-10
0.22908676E+05 0.87318764E-10
0.21379620E+05 0.83933018E-10
0.19952623E+05 0.81076085E-10
0.18620871E+05 0.78661176E-10
0.17378008E+05 0.76617084E-10
0.16218100E+05 0.74884997E-10
0.15135612E+05 0.73416048E-10
0.14125375E+05 0.72169430E-10
0.13182567E+05 0.71110925E-10
0.12302687E+05 0.70211736E-10
0.11481536E+05 0.69447570E-10
0.10715193E+05 0.68797890E-10
0.10000000E+05 0.68245313E-10
0.93325430E+04 0.67775112E-10
0.87096358E+04 0.67374803E-10
0.81283051E+04 0.67033805E-10
0.75857757E+04 0.66743147E-10
0.70794578E+04 0.66495226E-10
0.66069344E+04 0.66283599E-10
0.61659500E+04 0.66102807E-10
0.57543993E+04 0.65948226E-10
0.53703179E+04 0.65815939E-10
0.50118723E+04 0.65702626E-10
0.46773514E+04 0.65605476E-10
0.43651583E+04 0.65522106E-10
0.40738027E+04 0.65450494E-10
0.38018939E+04 0.65388926E-10
0.35481338E+04 0.65335945E-10
0.33113112E+04 0.65290314E-10
0.30902954E+04 0.65250980E-10
0.28840315E+04 0.65217047E-10
0.26915348E+04 0.65187751E-10
0.25118864E+04 0.65162439E-10
0.23442288E+04 0.65140555E-10
0.21877616E+04 0.65121623E-10
0.20417379E+04 0.65105235E-10
0.19054607E+04 0.65091040E-10
0.17782794E+04 0.65078740E-10
0.16595869E+04 0.65068075E-10
0.15488166E+04 0.65058825E-10
0.14454397E+04 0.65050799E-10
0.13489628E+04 0.65043832E-10
0.12589254E+04 0.65037783E-10
0.11748975E+04 0.65032528E-10
0.10964781E+04 0.65027963E-10
0.10232929E+04 0.65023995E-10
0.95499258E+03 0.65020547E-10
0.89125093E+03 0.65017548E-10
0.83176377E+03 0.65014941E-10
0.77624711E+03 0.65012673E-10
0.72443596E+03 0.65010701E-10
0.67608297E+03 0.65008985E-10
0.63095734E+03 0.65007492E-10
0.58884365E+03 0.65006192E-10
0.54954087E+03 0.65005062E-10
0.51286138E+03 0.65004077E-10
0.47863009E+03 0.65003221E-10
0.44668359E+03 0.65002475E-10
0.41686938E+03 0.65001826E-10
0.38904514E+03 0.65001261E-10
0.36307805E+03 0.65000769E-10
0.33884415E+03 0.65000341E-10
0.31622776E+03 0.64999968E-10
0.29512092E+03 0.64999643E-10
0.27542287E+03 0.64999360E-10
0.25703957E+03 0.64999114E-10
0.23988329E+03 0.64998900E-10
0.22387211E+03 0.64998713E-10
0.20892961E+03 0.64998550E-10
0.19498445E+03 0.64998409E-10
0.18197008E+03 0.64998286E-10
0.16982436E+03 0.64998178E-10
0.15848931E+03 0.64998085E-10
0.14791083E+03 0.64998003E-10
0.13803842E+03 0.64997932E-10
0.12882495E+03 0.64997870E-10
0.12022644E+03 0.64997817E-10
0.11220184E+03 0.64997770E-10
0.10471285E+03 0.64997729E-10
0.97723722E+02 0.64997693E-10
0.91201083E+02 0.64997663E-10
0.85113803E+02 0.64997636E-10
0.79432823E+02 0.64997612E-10
0.74131024E+02 0.64997592E-10
0.69183097E+02 0.64997574E-10
0.64565422E+02 0.64997558E-10
0.60255958E+02 0.64997545E-10
0.56234132E+02 0.64997533E-10
0.52480746E+02 0.64997523E-10
0.48977881E+02 0.64997514E-10
0.45708818E+02 0.64997506E-10
0.42657951E+02 0.64997499E-10
0.39810717E+02 0.64997493E-10
0.37153522E+02 0.64997488E-10
0.34673685E+02 0.64997484E-10
0.32359365E+02 0.64997480E-10
0.30199517E+02 0.64997477E-10
0.28183829E+02 0.64997474E-10
0.26302679E+02 0.64997471E-10
0.24547089E+02 0.64997469E-10
0.22908676E+02 0.64997467E-10
0.21379620E+02 0.64997465E-10
0.19952623E+02 0.64997464E-10
0.18620871E+02 0.64997462E-10
0.17378008E+02 0.64997461E-10
0.16218100E+02 0.64997460E-10
0.15135612E+02 0.64997459E-10
0.14125375E+02 0.64997459E-10
0.13182567E+02 0.64997458E-10
0.12302687E+02 0.64997457E-10
0.11481536E+02 0.64997457E-10
0.10715193E+02 0.64997456E-10
0.10000000E+02 0.64997456E-10
0.10000000E+01 0.64997454E-10
0.10000000E+00 0.64997454E-10
0.10000000E-01 0.64997454E-10
0.10000000E-02 0.64997454E-10
0.10000000E-03 0.64997454E-10
0.10000000E-14 0.64997454E-10
