Transparency constraint HESS,


0.11787725E-07 0.80112447E-10
0.11513834E-07 0.65388293E-10
0.10985504E-07 0.51428043E-10
0.11787725E-07 0.41209751E-10
0.13895046E-07 0.32411564E-10
0.15264057E-07 0.28477378E-10
0.16768337E-07 0.25491770E-10
0.18858623E-07 0.23243418E-10
0.20235782E-07 0.21587383E-10
0.26826869E-07 0.21193369E-10
0.41922772E-07 0.21193369E-10
0.55577627E-07 0.24121260E-10
0.65513379E-07 0.29552892E-10
0.75431023E-07 0.36207621E-10
0.80939403E-07 0.46892134E-10
0.82864783E-07 0.54362572E-10
0.91029047E-07 0.75805374E-10
