RBF Dark matter search, 
 

0.45626500E-05 0.25219000E-13
0.46550000E-05 0.25219000E-13
0.47254900E-05 0.25219000E-13
0.47970500E-05 0.25219000E-13
0.48696799E-05 0.25219000E-13
0.49682500E-05 0.25219000E-13
0.49932000E-05 0.25219000E-13
0.50182800E-05 0.25219000E-13
0.50434799E-05 0.25219000E-13
0.50942600E-05 0.52648076E-13
0.51714000E-05 0.52648076E-13
0.52234800E-05 0.52648076E-13
0.53559700E-05 0.52648076E-13
0.53828700E-05 0.52648076E-13
0.54918200E-05 0.17982908E-13
0.56029700E-05 0.17982908E-13
0.57739400E-05 0.17982908E-13
0.58320800E-05 0.17982908E-13
0.58908100E-05 0.17982908E-13
0.59501300E-05 0.17982908E-13
0.59800100E-05 0.17982908E-13
0.60100400E-05 0.31387752E-13
0.61010500E-05 0.31387752E-13
0.61934300E-05 0.31387752E-13
0.64466800E-05 0.31387752E-13
0.65771700E-05 0.31387752E-13
0.66434000E-05 0.31387752E-13
0.66767600E-05 0.36802309E-13
0.67439900E-05 0.36802309E-13
0.67778600E-05 0.36802309E-13
0.68461100E-05 0.66842725E-13
0.69150500E-05 0.66842725E-13
0.70904400E-05 0.66842725E-13
0.70904400E-05 0.72378795E-13
0.70904400E-05 0.78373337E-13
0.71260500E-05 0.81554337E-13
0.71978100E-05 0.90083183E-13
0.72339600E-05 0.90083183E-13
0.73068000E-05 0.91893090E-13
0.74546900E-05 0.36077416E-13
0.76055800E-05 0.36077416E-13
0.76055800E-05 0.36077416E-13
0.76437799E-05 0.36077416E-13
0.76821700E-05 0.36077416E-13
0.77595200E-05 0.11437088E-12
0.79563400E-05 0.11437088E-12
0.79563400E-05 0.12886970E-12
0.80768100E-05 0.12886970E-12
0.81581400E-05 0.12886970E-12
0.83232700E-05 0.13145911E-12
0.84493000E-05 0.13145911E-12
0.86203200E-05 0.13145911E-12
0.87948000E-05 0.15723326E-12
0.88833600E-05 0.20772770E-12
0.89728100E-05 0.20772770E-12
0.89728100E-05 0.20772770E-12
0.90631600E-05 0.20772770E-12
0.92466000E-05 0.20772770E-12
0.95287500E-05 0.97544092E-13
0.96730400E-05 0.90083183E-13
0.97704400E-05 0.90083183E-13
0.10018300E-04 0.90083183E-13
0.10169999E-04 0.90083183E-13
0.10272400E-04 0.90083183E-13
0.11354900E-04 0.15413630E-12
0.11701400E-04 0.16039233E-12
0.11642900E-04 0.75691941E-12
0.11878600E-04 0.77212758E-12
0.12241000E-04 0.80346624E-12
0.12364300E-04 0.80346624E-12
0.12488799E-04 0.80346624E-12
0.12614500E-04 0.80346624E-12
0.12805600E-04 0.80346624E-12
0.12999500E-04 0.34843076E-12
0.13329200E-04 0.34156844E-12
0.13463400E-04 0.53973604E-12
0.13874200E-04 0.53973604E-12
0.14084300E-04 0.53973604E-12
0.14587000E-04 0.53973604E-12
0.14882200E-04 0.53973604E-12
0.15259700E-04 0.53973604E-12
0.15490800E-04 0.46032705E-12
0.15725300E-04 0.46032705E-12
0.15883700E-04 0.46032705E-12
0.16124200E-04 0.46032705E-12
0.16450500E-04 0.46032705E-12
