#Relic ALP decay photons not found in EBL,
#Cadamuro and Redondo.
#
0.99872340E+01 0.12534974E-09
0.93234042E+01 0.13942571E-09
0.88893617E+01 0.16284523E-09
0.85191489E+01 0.18063298E-09
0.81999999E+01 0.19357375E-09
0.80085106E+01 0.23524738E-09
0.78170212E+01 0.25216719E-09
0.76255319E+01 0.27897871E-09
0.74978723E+01 0.32476501E-09
0.71531914E+01 0.34421912E-09
0.67319148E+01 0.36924906E-09
0.63872340E+01 0.39639603E-09
0.60425531E+01 0.42728615E-09
0.57106382E+01 0.45596992E-09
0.54553191E+01 0.49589538E-09
0.51744680E+01 0.52259781E-09
0.49063829E+01 0.55919877E-09
0.46893617E+01 0.59983195E-09
0.44978723E+01 0.62938844E-09
0.43574468E+01 0.66838528E-09
0.42170212E+01 0.69954811E-09
0.40638297E+01 0.73078390E-09
0.39744680E+01 0.76629601E-09
0.39489361E+01 0.79364207E-09
0.38978723E+01 0.83396707E-09
0.38978723E+01 0.90516446E-09
0.38595744E+01 0.98346563E-09
0.38468085E+01 0.10837606E-08
0.38212765E+01 0.11573866E-08
0.38085106E+01 0.12358998E-08
0.37702127E+01 0.13140844E-08
0.37446808E+01 0.13807846E-08
0.37319148E+01 0.14298927E-08
0.37319148E+01 0.10000000E-07
0.99872340E+01 0.10000000E-07
