PVLAS ellipticity data 20??, 
Delta n < 8 10^-22 with w = 1.1. eV, B = 2.5, L = 0.83 m

0.31622776E-08 0.37925028E-01
0.39810717E-08 0.30124920E-01
0.50118723E-08 0.23929074E-01
0.63095734E-08 0.19007539E-01
0.79432823E-08 0.15098225E-01
0.10000000E-07 0.11992946E-01
0.12589254E-07 0.95263363E-02
0.15848931E-07 0.75670379E-02
0.19952623E-07 0.60107118E-02
0.25118864E-07 0.47744781E-02
0.31622776E-07 0.37925028E-02
0.39810717E-07 0.30124920E-02
0.50118723E-07 0.23929074E-02
0.63095734E-07 0.19007539E-02
0.79432823E-07 0.15098225E-02
0.10000000E-06 0.11992946E-02
0.12589254E-06 0.95263363E-03
0.15848931E-06 0.75670379E-03
0.19952623E-06 0.60107118E-03
0.25118864E-06 0.47744781E-03
0.31622776E-06 0.37925028E-03
0.39810717E-06 0.30124920E-03
0.50118723E-06 0.23929074E-03
0.63095734E-06 0.19007539E-03
0.79432823E-06 0.15098225E-03
0.10000000E-05 0.11992946E-03
0.12589254E-05 0.95263363E-04
0.15848931E-05 0.75670379E-04
0.19952623E-05 0.60107118E-04
0.25118864E-05 0.47744781E-04
0.31622776E-05 0.37925028E-04
0.39810717E-05 0.30124920E-04
0.50118723E-05 0.23929074E-04
0.63095734E-05 0.19007539E-04
0.79432823E-05 0.15098225E-04
0.10000000E-04 0.11992946E-04
0.12589254E-04 0.95263363E-05
0.15848931E-04 0.75670379E-05
0.19952623E-04 0.60107119E-05
0.25118864E-04 0.47744782E-05
0.31622776E-04 0.37925030E-05
0.39810717E-04 0.30124925E-05
0.50118723E-04 0.23929085E-05
0.63095734E-04 0.19007561E-05
0.79432823E-04 0.15098267E-05
0.10000000E-03 0.11993031E-05
0.10471285E-03 0.11453272E-05
0.10964781E-03 0.10937808E-05
0.11481536E-03 0.10445547E-05
0.12022644E-03 0.99754450E-06
0.12589254E-03 0.95265043E-06
0.13182567E-03 0.90977734E-06
0.13803842E-03 0.86883434E-06
0.14454397E-03 0.82973463E-06
0.15135612E-03 0.79239534E-06
0.15848931E-03 0.75673731E-06
0.16595869E-03 0.72268500E-06
0.17378008E-03 0.69016625E-06
0.18197008E-03 0.65911219E-06
0.19054607E-03 0.62945705E-06
0.19952623E-03 0.60113807E-06
0.20892961E-03 0.57409532E-06
0.21877616E-03 0.54827161E-06
0.22908676E-03 0.52361236E-06
0.23988329E-03 0.50006548E-06
0.25118864E-03 0.47758129E-06
0.26302679E-03 0.45611237E-06
0.27542287E-03 0.43561354E-06
0.28840315E-03 0.41604170E-06
0.30199517E-03 0.39735578E-06
0.31622776E-03 0.37951666E-06
0.33113112E-03 0.36248707E-06
0.34673685E-03 0.34623158E-06
0.36307805E-03 0.33071648E-06
0.38018939E-03 0.31590975E-06
0.39810717E-03 0.30178101E-06
0.41686938E-03 0.28830147E-06
0.43651583E-03 0.27544390E-06
0.45708818E-03 0.26318258E-06
0.47863009E-03 0.25149332E-06
0.50118723E-03 0.24035339E-06
0.52480746E-03 0.22974157E-06
0.54954087E-03 0.21963811E-06
0.57543993E-03 0.21002479E-06
0.60255958E-03 0.20088493E-06
0.63095734E-03 0.19220345E-06
0.66069344E-03 0.18396695E-06
0.69183097E-03 0.17616378E-06
0.72443596E-03 0.16878423E-06
0.75857757E-03 0.16182063E-06
0.79432823E-03 0.15526765E-06
0.83176377E-03 0.14912251E-06
0.87096358E-03 0.14338544E-06
0.91201083E-03 0.13806011E-06
0.95499258E-03 0.13315431E-06
0.10000000E-02 0.12868078E-06
0.10471285E-02 0.12465839E-06
0.10964781E-02 0.12111366E-06
0.11481536E-02 0.11808282E-06
0.12022644E-02 0.11561470E-06
0.12589254E-02 0.11377464E-06
0.13182567E-02 0.11264993E-06
0.13803842E-02 0.11235726E-06
0.14454397E-02 0.11305282E-06
0.15135612E-02 0.11494532E-06
0.15848931E-02 0.11831096E-06
0.16595869E-02 0.12350449E-06
0.17378008E-02 0.13094741E-06
0.18197008E-02 0.14103954E-06
0.19054607E-02 0.15387142E-06
0.19952623E-02 0.16856913E-06
0.20892961E-02 0.18246921E-06
0.21877616E-02 0.19167660E-06
0.22908676E-02 0.19459737E-06
0.23988329E-02 0.19464956E-06
0.25118864E-02 0.19774832E-06
0.26302679E-02 0.20851526E-06
0.27542287E-02 0.22729452E-06
0.28840315E-02 0.24542729E-06
0.30199517E-02 0.25119501E-06
0.31622776E-02 0.25300186E-06
0.33113112E-02 0.26838295E-06
0.34673685E-02 0.29155627E-06
0.36307805E-02 0.29723365E-06
0.38018939E-02 0.30699010E-06
0.39810717E-02 0.33291396E-06
0.41686938E-02 0.33772360E-06
0.43651583E-02 0.36097007E-06
0.45708818E-02 0.37271053E-06
0.47863009E-02 0.39602852E-06
0.50118723E-02 0.40666515E-06
0.52480746E-02 0.43450369E-06
0.54954087E-02 0.45241683E-06
0.57543993E-02 0.46849586E-06
0.60255958E-02 0.49073079E-06
0.63095734E-02 0.51510268E-06
0.66069344E-02 0.53923522E-06
0.69183097E-02 0.56416798E-06
0.72443596E-02 0.59435916E-06
0.75857757E-02 0.62507248E-06
0.79432823E-02 0.64906221E-06
0.83176377E-02 0.68333990E-06
0.87096358E-02 0.71744755E-06
0.91201083E-02 0.75079082E-06
0.95499258E-02 0.78587674E-06
0.10000000E-01 0.81836157E-06
0.12589254E-01 0.10348954E-05
0.15848931E-01 0.13003958E-05
0.19952623E-01 0.16382594E-05
0.25118864E-01 0.20619814E-05
0.31622776E-01 0.25939294E-05
0.39810717E-01 0.32659148E-05
0.50118723E-01 0.41122133E-05
0.63095734E-01 0.51767465E-05
0.79432823E-01 0.65173656E-05
0.10000000E+00 0.82053599E-05
0.12589254E+00 0.10329836E-04
0.15848931E+00 0.13004105E-04
0.19952623E+00 0.16371498E-04
0.25118864E+00 0.20610283E-04
0.31622776E+00 0.25946882E-04
0.39810717E+00 0.32665264E-04
0.50118723E+00 0.41123048E-04
0.63095734E+00 0.51770872E-04
0.79432823E+00 0.65175620E-04
0.10000000E+01 0.82051257E-04
0.12589254E+01 0.10329645E-03
0.15848931E+01 0.13004250E-03
0.19952623E+01 0.16371382E-03
0.25118864E+01 0.20610350E-03
0.31622776E+01 0.25946892E-03
0.39810717E+01 0.32665203E-03
0.50118723E+01 0.41123054E-03
0.63095734E+01 0.51770858E-03
0.79432823E+01 0.65175650E-03
0.10000000E+02 0.82051281E-03
