SN1987A ALP burst converted into gamma-ray burst not detected,
Mirizzi et al.

0.10000000E-17 0.54600924E-11
0.99197333E-11 0.54600924E-11
0.10494940E-09 0.54150191E-11
0.14717362E-09 0.54150191E-11
0.21143651E-09 0.53690815E-11
0.27577824E-09 0.53247595E-11
0.34830523E-09 0.52360043E-11
0.43287250E-09 0.54150191E-11
0.53366657E-09 0.58897925E-11
0.68495178E-09 0.75787922E-11
0.83768357E-09 0.91939047E-11
0.12034276E-08 0.12758511E-10
0.14717362E-08 0.14233116E-10
0.19042326E-08 0.16978526E-10
0.22189626E-08 0.19751496E-10
0.25650155E-08 0.23762930E-10
0.28252052E-08 0.26730064E-10
0.30620339E-08 0.30324943E-10
0.32395896E-08 0.33258296E-10
0.37750264E-08 0.34978404E-10
0.42596115E-08 0.40691153E-10
0.48064009E-08 0.44258837E-10
0.54671375E-08 0.51915853E-10
0.10080916E-07 0.95082370E-10
0.10838520E-07 0.10341892E-09
