0.000000        5.857113E-12
0.000100	5.857113E-12
0.000200	5.857113E-12
0.000300	5.857113E-12
0.000400	5.857113E-12
0.000500	5.857113E-12
0.000600	5.857113E-12
0.000700	5.857113E-12
0.000800	5.857113E-12
0.000900	5.857113E-12
0.001000	5.857113E-12
0.002000	5.857962E-12
0.003000	5.861352E-12
0.004000	5.869240E-12
0.005000	5.885200E-12
0.006000	5.911240E-12
0.007000	5.947236E-12
0.008000	5.991331E-12
0.009000	6.041446E-12
0.010000	6.103387E-12
0.011000	6.191946E-12
0.012000	6.324808E-12
0.013000	6.510162E-12
0.014000	6.737008E-12
0.015000	6.991415E-12
0.016000	7.288623E-12
0.017000	7.670890E-12
0.018000	8.159648E-12
0.019000	8.697901E-12
0.020000	9.162151E-12
0.021000	9.450933E-12
0.022000	9.567281E-12
0.023000	9.615724E-12
0.024000	9.685544E-12
0.025000	9.817938E-12
0.026000	1.008284E-11
0.027000	1.024819E-11
0.028000	1.016523E-11
0.029000	1.000838E-11
0.030000	9.933140E-12
0.031000	9.917327E-12
0.032000	9.858054E-12
0.033000	9.646267E-12
0.034000	9.429311E-12
0.035000	9.503289E-12
0.036000	9.528620E-12
0.037000	9.453087E-12
0.038000	9.489483E-12
0.039000	9.854255E-12
0.040000	9.663447E-12
0.041000	9.624918E-12
0.042000	9.636118E-12
0.043000	9.818898E-12
0.044000	1.016003E-11
0.045000	1.054670E-11
0.046000	1.078938E-11
0.047000	1.083972E-11
0.048000	1.070957E-11
0.049000	1.044444E-11
0.050000	1.009701E-11
0.051000	9.735210E-12
0.052000	9.449856E-12
0.053000	9.342416E-12
0.054000	9.477754E-12
0.055000	9.873209E-12
0.056000	1.018508E-11
0.057000	1.026505E-11
0.058000	1.047781E-11
0.059000	1.079662E-11
0.060000	1.107743E-11
0.061000	1.133275E-11
0.062000	1.165149E-11
0.063000	1.085610E-11
0.064000	1.135580E-11
0.065000	1.117971E-11
0.066000	1.030684E-11
0.067000	9.946107E-12
0.068000	9.801559E-12
0.069000	9.869427E-12
0.070000	1.001653E-11
0.071000	9.886412E-12
0.072000	9.763671E-12
0.073000	9.726326E-12
0.074000	9.825617E-12
0.075000	1.001200E-11
0.076000	1.015656E-11
0.077000	1.020910E-11
0.078000	1.037184E-11
0.079000	1.057373E-11
0.080000	1.164343E-11
0.081000	1.137563E-11
0.082000	1.098666E-11
0.083000	1.099009E-11
0.084000	1.113979E-11
0.085000	1.124871E-11
0.086000	1.137810E-11
0.087000	1.151454E-11
0.088000	1.162668E-11
0.089000	1.183128E-11
0.090000	1.196996E-11
0.091000	1.200848E-11
0.092000	1.241395E-11
0.093000	1.258897E-11
0.094000	1.247436E-11
0.095000	1.363184E-11
0.096000	1.405545E-11
0.097000	1.418977E-11
0.098000	1.414885E-11
0.099000	1.327793E-11
0.100000	1.368893E-11
0.101000	1.371156E-11
0.102000	1.360736E-11
0.103000	1.401862E-11
0.104000	1.392660E-11
0.105000	1.407767E-11
0.106000	1.469215E-11
0.107000	1.453833E-11
0.108000	1.475371E-11
0.109000	1.579760E-11
0.110000	1.671873E-11
0.111000	1.694679E-11
0.112000	1.766522E-11
0.113000	1.772823E-11
0.114000	1.734165E-11
0.115000	1.707246E-11
0.116000	1.755665E-11
0.117000	1.681291E-11
0.118000	1.762947E-11
0.119000	1.828872E-11
0.120000	1.817588E-11
0.121000	1.843678E-11
0.122000	1.686245E-11
0.123000	1.848766E-11
0.124000	1.684421E-11
0.125000	1.917597E-11
0.126000	1.885211E-11
0.127000	1.926003E-11
0.128000	1.734234E-11
0.129000	1.867367E-11
0.130000	1.763346E-11
0.131000	1.844375E-11
0.132000	1.813941E-11
0.133000	2.116437E-11
0.134000	3.071575E-11
0.135000	4.259032E-11
0.136000	4.551485E-11
0.137000	4.948377E-11
0.138000	5.238194E-11
0.139000	5.430193E-11
0.140000	5.649235E-11
0.141000	5.825724E-11
0.142000	5.961286E-11
0.143000	6.065357E-11
0.144000	6.217320E-11
0.145000	6.353452E-11
0.146000	6.424164E-11
0.147000	6.544728E-11
0.148000	6.545060E-11
0.149000	6.743764E-11
0.150000	6.808125E-11
0.151000	6.951954E-11
0.152000	6.948626E-11
0.153000	6.939168E-11
0.154000	7.085018E-11
0.155000	7.182747E-11
0.156000	7.327118E-11
0.157000	7.313109E-11
0.158000	7.404716E-11
0.159000	7.360041E-11
0.160000	7.603479E-11
0.161000	7.635480E-11
0.162000	7.623737E-11
0.163000	7.648835E-11
0.164000	7.752436E-11
0.165000	7.968691E-11
0.166000	8.031983E-11
0.167000	7.942054E-11
0.168000	7.866622E-11
0.169000	7.973104E-11
0.170000	8.201258E-11
0.171000	8.287021E-11
0.172000	8.318264E-11
0.173000	8.300082E-11
0.174000	8.324729E-11
0.175000	8.398014E-11
0.176000	8.582429E-11
0.177000	8.530094E-11
0.178000	8.621060E-11
0.179000	8.608241E-11
0.180000	8.676911E-11
0.181000	8.737853E-11
0.182000	8.860335E-11
0.183000	8.954164E-11
0.184000	8.996926E-11
0.185000	8.868892E-11
0.186000	8.934381E-11
0.187000	9.033027E-11
0.188000	9.181944E-11
0.189000	9.256582E-11
0.190000	9.293002E-11
0.191000	9.301809E-11
0.192000	9.386282E-11
0.193000	9.316125E-11
0.194000	9.341820E-11
0.195000	9.500843E-11
0.196000	9.682360E-11
0.197000	9.710148E-11
0.198000	9.584861E-11
0.199000	9.699143E-11
0.200000	9.851870E-11
0.201000	9.892524E-11
0.202000	9.900595E-11
0.203000	9.743343E-11
0.204000	9.953526E-11
0.205000	1.011861E-10
0.206000	1.026430E-10
0.207000	1.029790E-10
0.208000	9.858875E-11
0.209000	1.002860E-10
0.210000	1.038713E-10
0.211000	1.062359E-10
0.212000	1.087895E-10
0.213000	1.038979E-10
0.214000	1.021049E-10
0.215000	1.040570E-10
0.216000	1.063723E-10
0.217000	1.080884E-10
0.218000	1.073733E-10
0.219000	1.055203E-10
0.220000	1.058862E-10
0.221000	1.089281E-10
0.222000	1.092724E-10
0.223000	1.091809E-10
0.224000	1.074094E-10
0.225000	1.087779E-10
0.226000	1.135996E-10
0.227000	1.151726E-10
0.228000	1.161928E-10
0.229000	1.133343E-10
0.230000	1.135589E-10
0.231000	1.126735E-10
0.232000	1.122334E-10
0.233000	1.146125E-10
0.234000	1.137213E-10
0.235000	1.148690E-10
0.236000	1.173532E-10
0.237000	1.159546E-10
0.238000	1.169454E-10
0.239000	1.143244E-10
0.240000	1.156476E-10
0.241000	1.209719E-10
0.242000	1.245628E-10
0.243000	1.259131E-10
0.244000	1.217802E-10
0.245000	1.202757E-10
0.246000	1.223781E-10
0.247000	1.224431E-10
0.248000	1.223618E-10
0.249000	1.206253E-10
0.250000	1.201642E-10
0.251000	1.238160E-10
0.252000	1.249389E-10
0.253000	1.253570E-10
0.254000	1.268287E-10
0.255000	1.257486E-10
0.256000	1.287983E-10
0.257000	1.306280E-10
0.258000	1.272430E-10
0.259000	1.267263E-10
0.260000	1.275959E-10
0.261000	1.312980E-10
0.262000	1.330468E-10
0.263000	1.286655E-10
0.264000	1.278248E-10
0.265000	1.284341E-10
0.266000	1.329264E-10
0.267000	1.368712E-10
0.268000	1.324545E-10
0.269000	1.328312E-10
0.270000	1.326656E-10
0.271000	1.344727E-10
0.272000	1.389447E-10
0.273000	1.344420E-10
0.274000	1.343438E-10
0.275000	1.343806E-10
0.276000	1.353225E-10
0.277000	1.413006E-10
0.278000	1.392658E-10
0.279000	1.388446E-10
0.280000	1.364684E-10
0.281000	1.365387E-10
0.282000	1.434181E-10
0.283000	1.404640E-10
0.284000	1.364097E-10
0.285000	1.377004E-10
0.286000	1.414009E-10
0.287000	1.520187E-10
0.288000	1.479703E-10
0.289000	1.389114E-10
0.290000	1.360916E-10
0.291000	1.380812E-10
0.292000	1.500288E-10
0.293000	1.539987E-10
0.294000	1.489223E-10
0.295000	1.456632E-10
0.296000	1.397379E-10
0.297000	1.447089E-10
0.298000	1.513527E-10
0.299000	1.520696E-10
0.300000	1.539334E-10
0.301000	1.467408E-10
0.302000	1.495500E-10
0.303000	1.528934E-10
0.304000	1.487777E-10
0.305000	1.492640E-10
0.306000	1.472335E-10
0.307000	1.561092E-10
0.308000	1.616510E-10
0.309000	1.564527E-10
0.310000	1.508863E-10
0.311000	1.475128E-10
0.312000	1.543078E-10
0.313000	1.611548E-10
0.314000	1.585577E-10
0.315000	1.550167E-10
0.316000	1.558107E-10
0.317000	1.604813E-10
0.318000	1.613396E-10
0.319000	1.574853E-10
0.320000	1.581675E-10
0.321000	1.607546E-10
0.322000	1.585577E-10
0.323000	1.615945E-10
0.324000	1.618059E-10
0.325000	1.629476E-10
0.326000	1.601775E-10
0.327000	1.568558E-10
0.328000	1.615804E-10
0.329000	1.666493E-10
0.330000	1.656487E-10
0.331000	1.636729E-10
0.332000	1.628510E-10
0.333000	1.654517E-10
0.334000	1.668037E-10
0.335000	1.644825E-10
0.336000	1.681236E-10
0.337000	1.648562E-10
0.338000	1.723630E-10
0.339000	1.698405E-10
0.340000	1.670855E-10
0.341000	1.669960E-10
0.342000	1.683364E-10
0.343000	1.763544E-10
0.344000	1.771638E-10
0.345000	1.694254E-10
0.346000	1.754344E-10
0.347000	1.712820E-10
0.348000	1.715896E-10
0.349000	1.744435E-10
0.350000	1.701439E-10
0.450000	2.217840E-10
0.550000	2.731476E-10
0.650000	3.296060E-10
0.750000	3.741653E-10
0.850000	4.315488E-10
0.950000	4.672591E-10
1.050000	5.460143E-10
2.050000	1.045396E-09
3.050000	1.547440E-09
4.050000	2.067584E-09
5.050000	2.472898E-09
6.050000	3.112424E-09
7.050000	3.435385E-09
8.050000	4.013951E-09
9.050000	4.501617E-09
