0.007351177635221321	4.957168016600805e-13
0.007339791210623122	4.949483991809478e-13
0.007351208257040238	4.957176911235716e-13
0.007351239321651617	4.957187588016009e-13
0.00733985994208133	4.949507379761005e-13
0.007351275106205523	4.957197982176645e-13
0.007351311445669126	4.957210471841758e-13
0.007339940300419791	4.949534725096963e-13
0.007351353260232066	4.957222617400238e-13
0.0073513957744426985	4.957237229207862e-13
0.007340034253154661	4.9495666978536e-13
0.007351444630822147	4.957251420000693e-13
0.007351494374736493	4.957268516488916e-13
0.007340144100993048	4.949604081668057e-13
0.007351551452932683	4.95728509518239e-13
0.007351609663848026	4.957305101539884e-13
0.007340272534347512	4.949647793095621e-13
0.0073516763394268865	4.957324467571563e-13
0.007351744469260579	4.957347882724461e-13
0.007340422699469598	4.949698904232777e-13
0.007351822344962942	4.957370501471683e-13
0.0073519020985203945	4.957397911225816e-13
0.007340598275851426	4.949758669219232e-13
0.007351993040679535	4.957424324566073e-13
0.007352086421118115	4.957456417218479e-13
0.00734080356683199	4.949828555294538e-13
0.007352192601501763	4.957487255658958e-13
0.007352301964473455	4.957524840586772e-13
0.007341043605683722	4.949910279206413e-13
0.007352425908197932	4.957560837148793e-13
0.0073525540265023575	4.95760486700298e-13
0.007341324279855188	4.950005849912441e-13
0.007352698666677325	4.957646873049504e-13
0.007352848807699945	4.957698470332249e-13
0.007341652476519871	4.9501176186897e-13
0.0073530175474379065	4.957747473518348e-13
0.00735319356621642	4.957807962517254e-13
0.007342036253143246	4.950248337974018e-13
0.007353390348563596	4.957865107019531e-13
0.007353596800056343	4.957936052321058e-13
0.0073424850374484265	4.95040123049958e-13
0.007353826186242085	4.958002661453722e-13
0.00735406846132011	4.958085914581944e-13
0.007343009861957131	4.950580070610308e-13
0.007354335717443151	4.958163515823689e-13
0.007354620208361347	4.958261271971005e-13
0.007343623639234484	4.950789279979189e-13
0.007354931400177	4.958351624291562e-13
0.007355265702896486	4.958466491658959e-13
0.007344341485107935	4.95103404041631e-13
0.0073556277976638855	4.958571614825114e-13
0.007356020960525473	4.958706699813938e-13
0.007345181098504702	4.951320426990931e-13
0.007356441933810434	4.958828905040433e-13
0.007356904764873521	4.958987917494986e-13
0.007346163208214479	4.951655565364717e-13
0.007357393708631716	4.959129838342476e-13
0.007357939157731752	4.9593172223132e-13
0.007347312098903378	4.952047818066293e-13
0.0073585063837120716	4.959481844063635e-13
0.007359150020277284	4.95970294125337e-13
0.0073486562311722405	4.952507005478103e-13
0.007359807149498632	4.959893626028786e-13
0.007360567763845911	4.960154881348531e-13
0.007350228973485799	4.953044668616796e-13
0.007361327788214202	4.960375384867629e-13
0.0073622281530207586	4.960684606566207e-13
0.007352069467552346	4.953674382449954e-13
0.007363105448516049	4.960939080495764e-13
0.007364173289268605	4.961305771417065e-13
0.0073542236534138595	4.954412130617339e-13
0.007365183550780555	4.9615987425531e-13
0.007366452790381866	4.962034524595975e-13
0.007356745486389867	4.95527675516702e-13
0.007367612845149621	4.962370838302448e-13
0.007369125210089006	4.962889999632955e-13
0.007359698385481059	4.956290498486997e-13
0.007370452648344404	4.96327470965952e-13
0.00737225975409638	4.963894914370872e-13
0.00736315696239428	4.957479659304199e-13
0.007373772289888317	4.964333093797562e-13
0.007375938364520894	4.965076307520011e-13
0.007367209092719099	4.958875390850927e-13
0.007377652803994157	4.965572745353722e-13
0.007380258265565279	4.966466449151506e-13
0.007371958406969814	4.960514677648067e-13
0.007382188910257338	4.96702518295325e-13
0.007385335091366026	4.968103973606281e-13
0.007377527300642803	4.962441538670675e-13
0.007387491334894433	4.96872758898336e-13
0.007391306755054051	4.970035299076857e-13
0.007384060591196494	4.96470852017024e-13
0.0073936895352239036	4.970723899900764e-13
0.007398338270313595	4.972316419713289e-13
0.0073917299889466525	4.967378562917641e-13
0.007400934904379035	4.973066135731716e-13
0.0074066278091557405	4.975015185907937e-13
0.007400739602808734	4.970527358808893e-13
0.00740940455242343	4.975816033166146e-13
0.007416414381157268	4.978214229869531e-13
0.007411332777355847	4.974246354680095e-13
0.007419305786466892	4.979047068737878e-13
0.007427987663467287	4.982014751761337e-13
0.007423800665175423	4.978646623036361e-13
0.007430881449828035	4.982846990065174e-13
0.007441700717935817	4.986541464065566e-13
0.007438493094202529	4.983863909937875e-13
0.007444416334838436	4.98732101873946e-13
0.007457986633548972	4.991949109749731e-13
0.007455832519310512	4.990065304943867e-13
0.007460244965158218	4.992595955512593e-13
0.00747738057898988	4.99843114038518e-13
0.007476332192557422	4.997458181733456e-13
0.007478761167280838	4.998825518689327e-13
0.007498942093324558	5.005722272967809e-13
0.007500180935004562	5.00600917315368e-13
0.007500338964851103	5.006094028105598e-13
0.00752194417897032	5.012305418596556e-13
0.007521405921197461	5.011552577529378e-13
0.007524492730210869	5.013168413454229e-13
0.007547295633561881	5.019704339667666e-13
0.007546513265663639	5.018222823254503e-13
0.007553605746710072	5.021836363338443e-13
0.007576885734559059	5.028484106179207e-13
0.007576278323217305	5.026285856232864e-13
0.00758888239095013	5.032526206386041e-13
0.00761144055204648	5.038937861492146e-13
0.00761165874143965	5.036084250394097e-13
0.007631895644183251	5.045805656778564e-13
0.007651828385803022	5.051438050280098e-13
0.007653849391520067	5.04806462344046e-13
0.007684732288154709	5.062435910609957e-13
0.007699100700269009	5.066466070927729e-13
0.0077043594313111995	5.062817156913767e-13
0.007750210619076537	5.083450389651426e-13
0.007754551073604131	5.084655806451595e-13
0.0077651120762740325	5.081126503833286e-13
0.007812820674074503	5.101991438492807e-13
0.007825462326509604	5.106169940099805e-13
0.007838574877187978	5.104037643024957e-13
0.007877590172479994	5.120699316907391e-13
0.007917654044868567	5.133829210685632e-13
0.007928170238925532	5.133096112305089e-13
0.00795349250750872	5.143688217033844e-13
0.008036650366101206	5.170629159222336e-13
0.008038721507246048	5.17059478681681e-13
0.008042929012879889	5.172324028401609e-13
0.008058421877614819	5.177545502136658e-13
0.00809432137359871	5.18737536059439e-13
0.008134491648684824	5.198182678759173e-13
0.008151521839797914	5.203597328009695e-13
0.008179754995894965	5.212695559961573e-13
0.00823929464374812	5.228724049182038e-13
0.008269190744182156	5.232936003689849e-13
0.008362120341888539	5.267005622291805e-13
0.008368700762753707	5.269086515582651e-13
0.008424516428623468	5.278215230810597e-13
0.008485808177320395	5.300320088913601e-13
0.008611553919692995	5.339066517897912e-13
0.008622464706205833	5.340806491047244e-13
0.008659643233600654	5.353259462721867e-13
0.00878444112771747	5.385294496345783e-13
0.008832712824031974	5.400119432901874e-13
0.008943530560217974	5.432890185647815e-13
0.008960766796999184	5.437187272389441e-13
0.009060497924123384	5.457818880251357e-13
0.009139498225738082	5.483337329937122e-13
0.00930572040929699	5.532204157282764e-13
0.009360127411316341	5.544364316640104e-13
0.009420127635243355	5.562845462463483e-13
0.009558726728525658	5.596565503757148e-13
0.009646616199111993	5.622919633621992e-13
0.009694272942013823	5.63448072765929e-13
0.009789895035363497	5.655845964656598e-13
0.009874729854288134	5.680326977653855e-13
0.01	5.714134414708262e-13
0.01004540396734282	5.723683568597389e-13
0.010073465599024828	5.731573380889378e-13
0.010182960905388705	5.76064719410758e-13
0.010312757239307293	5.79026203280055e-13
0.010489943881650771	5.828242658587735e-13
0.01059324904477742	5.85600417669369e-13
0.010746078283213174	5.896081117629125e-13
0.010992549443261996	5.948087175736758e-13
0.011224252048905006	6.005764278164906e-13
0.011547819846894581	6.082445042042909e-13
0.011590290469343614	6.090780730268932e-13
0.011745187711415313	6.127244480977483e-13
0.011934167458510683	6.165280067360381e-13
0.011970850304957299	6.174938074604593e-13
0.012243807764574052	6.230626144599709e-13
0.01231018153990671	6.240828068367651e-13
0.012409377607517195	6.265918346636303e-13
0.012602056780901632	6.303613848190731e-13
0.012708641449960468	6.319054251313312e-13
0.012863969449369746	6.35679826508502e-13
0.01298446648433391	6.379363513991901e-13
0.013129043269063636	6.398941716060467e-13
0.01333521432163324	6.447033907898512e-13
0.013390499137725538	6.456915322901157e-13
0.01357095023989134	6.479515364433062e-13
0.01381873403773232	6.534924803234445e-13
0.013823722273578996	6.535809964767664e-13
0.014033926741991153	6.559800292589636e-13
0.014259112838825305	6.608116637415163e-13
0.014330125702369627	6.619847730268176e-13
0.014517456542980119	6.638770661909008e-13
0.01472119822921655	6.680531063484076e-13
0.014855080171727751	6.700904995507732e-13
0.015020880650179055	6.715316035355513e-13
0.015203129797273089	6.750798776894195e-13
0.01539926526059492	6.777893255469655e-13
0.015543315214592396	6.788197192614423e-13
0.015702504756487882	6.817419592149636e-13
0.01596338544287942	6.849453031031682e-13
0.016083560997658824	6.856001481369589e-13
0.016216261994684143	6.87874499322e-13
0.016548170999431813	6.913848887168415e-13
0.01664000108387312	6.917097097769117e-13
0.01672228264494267	6.925395023397373e-13
0.017210489108896908	6.969589997323041e-13
0.01778279410038923	7.010611562466733e-13
0.017792235737260034	7.011290982926091e-13
0.0178021539722396	7.012537071709251e-13
0.017884539726135865	7.016239686934336e-13
0.018348033634067954	7.017331476110954e-13
0.018744302528388584	7.003815910603396e-13
0.018885722210768577	6.994142082498615e-13
0.019109529749704406	7.001004309886274e-13
0.019235991113212593	6.993336131456589e-13
0.019401935913729757	6.940888995247734e-13
0.019623703852998272	6.93716472948656e-13
0.019809567785503388	6.88712061446159e-13
0.019887351758176942	6.853491320939724e-13
0.02001610773123041	6.818921374644484e-13
0.02008196159735906	6.700183524766427e-13
0.020141105379408077	6.613438593107984e-13
0.020212211606779166	6.436143115114965e-13
0.020176072318448722	6.338944318133254e-13
0.020020716457879877	6.155121721065989e-13
0.01993208530739042	6.039806339909482e-13
0.01943107935741634	5.736884330788807e-13
0.01929465542610588	5.648515316704288e-13
0.019109529749704406	5.558707842628065e-13
0.01845054026098505	5.281005744559903e-13
0.018434229924091106	5.274023587224379e-13
0.01842891474933391	5.27201794808799e-13
0.01778279410038923	5.045770531804429e-13
0.017370869913226037	4.912760455385605e-13
0.01691520352827512	4.777474912372519e-13
0.016548170999431813	4.671957114708603e-13
0.016169909402868193	4.571828145942819e-13
0.015797296579246202	4.47605722353872e-13
0.01539926526059492	4.37772624052597e-13
0.014900344664486764	4.2614944122792277e-13
0.014862681930982483	4.252659505413476e-13
0.014842719283191655	4.248160766186278e-13
0.014330125702369627	4.133912264257143e-13
0.014041211951352226	4.0718185126420127e-13
0.013400424286550921	3.939459053536139e-13
0.01333521432163324	3.9258378181612636e-13
0.013303005527063665	3.9192845329620305e-13
0.013219585920445611	3.9029862382593216e-13
0.012863969449369746	3.831712467613045e-13
0.0126263403577859	3.784763866003934e-13
0.012409377607517195	3.7420204958779565e-13
0.012005854596363795	3.666701424736826e-13
0.011876594188519272	3.642845507664952e-13
0.011547819846894581	3.5796605499982014e-13
0.011421561237969873	3.5549765856495427e-13
0.011186057627390299	3.514449954395721e-13
0.010746078283213174	3.432206862397562e-13
0.0103836554320221	3.3674709503561284e-13
0.010307856458016303	3.3540190827956514e-13
0.01	3.296737613958615e-13
0.009745510411313964	3.2515104653378364e-13
0.00945958086474544	3.19864790157593e-13
0.00930572040929699	3.1704016574068455e-13
0.00903911460977908	3.122496059100237e-13
0.008728414987420996	3.0663744022340415e-13
0.008659643233600654	3.053285521235847e-13
0.008641831954112304	3.050017789905466e-13
0.008613184936542994	3.044842258012456e-13
0.008058421877614819	2.9405259094690374e-13
0.00790674186969844	2.9121574282490785e-13
0.007680619838273611	2.8698665818653615e-13
0.007498942093324558	2.835020077076704e-13
0.007251038684332663	2.787605416561612e-13
0.007140596421076465	2.766528744792962e-13
0.006978305848598663	2.7341158040197235e-13
0.006903318784446974	2.719321435442627e-13
0.006653797280787577	2.6666348103496377e-13
0.006493816315762113	2.63694270367569e-13
0.006243778496426307	2.5858092130396787e-13
0.0061254671587088385	2.560050334860084e-13
0.006042963902381328	2.5443438021157704e-13
0.005686272238147567	2.468759243433871e-13
0.005650527698473662	2.460736845850476e-13
0.005623413251903491	2.455442397344481e-13
0.005336293087533558	2.393403197890457e-13
0.005222232471634845	2.3669688124662636e-13
0.0052103342730313576	2.3644678524225094e-13
0.004869675251658631	2.2869274131028286e-13
0.004836201627757172	2.2783357314833756e-13
0.004801752352151334	2.2707644896690162e-13
0.004531583637600818	2.2072907001499708e-13
0.004491442347935927	2.1966481253892108e-13
0.004453125884493298	2.1878533727222877e-13
0.004216965034285823	2.130476126884736e-13
0.00418419796145225	2.1214662798183309e-13
0.0041552889710631076	2.1145425180867582e-13
0.003924189758484536	2.0562738468526645e-13
0.003911405033437113	2.0526071860773721e-13
0.00381251979838834	2.0278486756221608e-13
0.0036823114129741997	1.9925049603489791e-13
0.0036693105364294576	1.9891461354914256e-13
0.003651741272548377	1.984774287392561e-13
0.003494052016333868	1.9413052388719633e-13
0.003455615217644651	1.9310595709792322e-13
0.003398208328942559	1.9157938137405707e-13
0.0033343163887107155	1.8971503768124826e-13
0.0032675534337754065	1.8778248963155382e-13
0.003197810645856226	1.858623391620504e-13
0.0031622776601683794	1.8490230187995085e-13
0.0031065497241637976	1.831910945158987e-13
0.003079631763737319	1.8241846193902792e-13
0.0030132372691418375	1.8054997201861846e-13
0.0029687479803552747	1.791731244773026e-13
0.002942727176209282	1.7845934813709963e-13
0.002893669274435653	1.7691234836431574e-13
0.002850387961767248	1.7557377452155918e-13
0.0027670569028507997	1.730942092448075e-13
0.002757205745496287	1.7274730821238256e-13
0.0027384196342643613	1.7226601228719333e-13
0.002669329069312806	1.6989615201674392e-13
0.0026351491482513637	1.689213937760574e-13
0.00257860267255187	1.669517045518104e-13
0.0025493196490226516	1.660022015976446e-13
0.002502122975100366	1.6458525173304228e-13
0.0024866939858393298	1.6400887053180737e-13
0.002477311055559023	1.6371224935025806e-13
0.0024433811535938934	1.6267430248985601e-13
0.0024387633391303593	1.624960921701867e-13
0.0024357036952138227	1.6240106009964043e-13
0.002414936275220633	1.617612411932934e-13
0.002413428682539718	1.6170210764184544e-13
0.002412382784281114	1.6166997689727179e-13
0.0024004948880330555	1.6130269373818404e-13
0.00239995307767342	1.6128126281493157e-13
0.0023995678067146604	1.6126950241825037e-13
0.002392979024604434	1.610656955592878e-13
0.0023927633567180978	1.6105712728427439e-13
0.0023926079578964763	1.6105240069710359e-13
0.0023890158287937905	1.609412272330412e-13
0.00238892144653815	1.6093746874731436e-13
0.0023888529561626915	1.6093538964586873e-13
0.0023869113589922177	1.608752830557033e-13
0.0023868668357144595	1.6087350784484525e-13
0.002386834403682675	1.608725243840152e-13
0.0023857897108815413	1.6084017925744843e-13
0.0023857675914637677	1.6083929673677884e-13
0.0023857514462797876	1.6083880743571826e-13
0.0023851907004040535	1.6082144478754295e-13
0.0023851793503721535	1.6082099178315816e-13
0.002385171056855578	1.6082074051487559e-13
0.002384870461447529	1.6081143269917453e-13
0.0023848645263358508	1.608111957710301e-13
0.002384860186998914	1.6081106432413185e-13
0.0023846991599942905	1.608060780931989e-13
0.002384696023266547	1.6080595286311005e-13
0.0023846937291966395	1.60805883377473e-13
0.007351177635221321	4.957168016600805e-13
