0.0027831140823655633	1.8767468395574423e-13
0.0027831271731347386	1.8767514340263472e-13
0.0027831816758118436	1.876768263139114e-13
0.002783256142598987	1.876792197691634e-13
0.002783266506789598	1.8767952904289105e-13
0.002783280679857648	1.876800809461787e-13
0.002783382458050707	1.87683223270943e-13
0.002783521470076966	1.876876914836768e-13
0.002783567593138758	1.8768931022497482e-13
0.0027837575805818643	1.8769517475623326e-13
0.0027840169075553237	1.87703510879708e-13
0.002784053693459777	1.877046089925653e-13
0.002784104060133623	1.8770656950444148e-13
0.0027844584511734463	1.8771750470662682e-13
0.0027849416125929347	1.8773303836407006e-13
0.0027851078700539874	1.877388728368496e-13
0.0027857680376384064	1.8775922877272494e-13
0.0027866660978617687	1.8778810944578127e-13
0.00278680192977371	1.8779216933987047e-13
0.002786988707317398	1.8779942949052736e-13
0.002788215355550351	1.8783720255637996e-13
0.0027898771733134925	1.8789067207678974e-13
0.0027905218236035836	1.8791328707646248e-13
0.002792790038506706	1.879829609757021e-13
0.002795839445384187	1.8808116698860286e-13
0.0027964033882351596	1.8809809529879307e-13
0.002797190519645182	1.8812854157466034e-13
0.002801345710568175	1.8825558632155369e-13
0.0028068528295336756	1.8843323005072893e-13
0.0028098913232188927	1.885396599748011e-13
0.0028173631444843314	1.8876611592108902e-13
0.002821896484388065	1.8898810319298603e-13
0.002829067616764609	1.8921827938053892e-13
0.002832352054714523	1.8932493346768775e-13
0.002836487060961532	1.8946995893829948e-13
0.002844977784103076	1.8974154466709845e-13
0.0028502443595016715	1.8991329036227625e-13
0.0028570561417975383	1.9014965527613973e-13
0.002866229789018069	1.9044155688040087e-13
0.0028712638107107036	1.9048656960057335e-13
0.002886394619159008	1.911187690639514e-13
0.0028944236341800233	1.9137221819131643e-13
0.002904064775744082	1.9153638788418553e-13
0.0029269300249374548	1.922823348622816e-13
0.002988756723034064	1.943857196472073e-13
0.0030120514918672847	1.9501536088435557e-13
0.003034394984808573	1.9574555692158438e-13
0.0030996729692578003	1.9787041361755873e-13
0.0031622776601683794	2.0004511773131567e-13
0.0032056947417597953	2.0124854806776715e-13
0.003218046063698067	2.0162035282108875e-13
0.0032444178044373096	2.024810648473783e-13
0.00331787494215407	2.0465995656241422e-13
0.003371434487347604	2.0612182524882072e-13
0.0034531704396906305	2.0873379891802426e-13
0.0035461149933816156	2.115473968528365e-13
0.0035915538441310068	2.127415803188425e-13
0.0036125679748856697	2.1340948159788142e-13
0.003651741272548377	2.1469418435478722e-13
0.003797794709592104	2.1867263131584736e-13
0.0038892175710982294	2.2128765600938555e-13
0.003924189758484536	2.2231472255682966e-13
0.004013729508688818	2.2473608525716878e-13
0.0040737464675889975	2.2633851248913411e-13
0.004216965034285823	2.3030071321088974e-13
0.004259496310753902	2.3137189472354865e-13
0.004290919665308762	2.3218239194715803e-13
0.004394852363032584	2.349455524986338e-13
0.004531583637600818	2.385118493149245e-13
0.004538893723440411	2.3868593239634454e-13
0.00454482515677547	2.3883382008886946e-13
0.004624776287489713	2.409067629047812e-13
0.004691748588447189	2.4257749841532524e-13
0.0048389862373954835	2.4624622293817394e-13
0.004853437356178213	2.465954958107239e-13
0.004869675251658631	2.470380954634155e-13
0.005181892486553921	2.545901743597642e-13
0.005206933793938671	2.5516889229055187e-13
0.005232991146814947	2.558511487673356e-13
0.005582041077752032	2.639765595898351e-13
0.005603065516112471	2.6444032449158863e-13
0.005623413251903491	2.6495414696818183e-13
0.0058186152243003405	2.6936611031985465e-13
0.006000099281993548	2.734364165848699e-13
0.006042963902381328	2.7436663933061426e-13
0.006045578207357903	2.7442093149202675e-13
0.006048551384932091	2.744853699199791e-13
0.006493816315762113	2.840921389888036e-13
0.0065362195540089	2.849504196011281e-13
0.006589487663711389	2.860900410315314e-13
0.006731703824144983	2.890702134830678e-13
0.006801492997836163	2.904615228895126e-13
0.0068924517512739415	2.9236958548540966e-13
0.006978305848598663	2.9413246563684664e-13
0.0070809343967883015	2.961430511596789e-13
0.0072161569449009635	2.9885117035374004e-13
0.0073752685747174385	3.020020094987901e-13
0.007498942093324558	3.0446558671497217e-13
0.007685290749484565	3.0804771813472296e-13
0.007948234903191152	3.130929661668876e-13
0.008058421877614819	3.1518343920754044e-13
0.008347605880899594	3.2019251755290114e-13
0.008659643233600654	3.2623763515445165e-13
0.008795833137228891	3.286566463608626e-13
0.009086438304730254	3.33430739923558e-13
0.00930572040929699	3.375688411636013e-13
0.009776852138978543	3.4562096091541113e-13
0.009906527697553947	3.4761800174327935e-13
0.01	3.4933247412155176e-13
0.010351049621100176	3.551708219767363e-13
0.010436164053506527	3.5658276131848307e-13
0.010746078283213174	3.614839517890305e-13
0.010811441997934284	3.6251011903930264e-13
0.010914199386248536	3.641434058084002e-13
0.011547819846894581	3.7385336584724283e-13
0.011795545903197202	3.773067618686105e-13
0.012226563512745864	3.841357430035955e-13
0.012409377607517195	3.8678640343498134e-13
0.012884688762957607	3.930656301471451e-13
0.01333521432163324	3.999640046562929e-13
0.013737691000341258	4.055952980861861e-13
0.014101317407272315	4.104721936543187e-13
0.014330125702369627	4.1348886563013327e-13
0.014749808050089594	4.1917750167919356e-13
0.015270629477038746	4.2608548253977513e-13
0.01539926526059492	4.276927790342534e-13
0.015430733502549941	4.280978542117931e-13
0.015485237009237322	4.288193670586991e-13
0.01596338544287942	4.3480207421274343e-13
0.01613901629768324	4.368928246098836e-13
0.016548170999431813	4.4180495483421917e-13
0.01688400725224439	4.4597706569175773e-13
0.01747868821984582	4.5320980222332995e-13
0.01778279410038923	4.566941972172911e-13
0.018214820705347468	4.61884678150552e-13
0.018490298007635898	4.649749879680669e-13
0.019109529749704406	4.71740714377037e-13
0.019764032411361918	4.791061290232444e-13
0.02023165477444616	4.835700371459285e-13
0.02053525026457146	4.87174956731091e-13
0.0211921158018622	4.943355436805224e-13
0.021637527182578553	4.990482277448304e-13
0.0220673406908459	5.032829754683084e-13
0.02218017936277205	5.044553464345463e-13
0.022379919262338854	5.065047097613089e-13
0.023713737056616554	5.192169807027851e-13
0.024272214464263274	5.240213930724247e-13
0.025356401115883616	5.3511990845927e-13
0.025482967479793464	5.362355698989516e-13
0.026585078913958254	5.449612271885607e-13
0.027384196342643614	5.511840597951212e-13
0.029147719024550576	5.675653826302905e-13
0.029427271762092817	5.701588753904205e-13
0.09049460813818141	1.7162587271532619e-12
0.08999877599788496	1.711227847657247e-12
0.08886572068068496	1.702474127460662e-12
0.08659643233600653	1.6815024630356458e-12
0.08586134642693201	1.673593448928436e-12
0.08477920763346711	1.6665662445546982e-12
0.08353625469578262	1.6548165312692683e-12
0.08193287850964218	1.637349559935404e-12
0.08058421877614819	1.6280259410009852e-12
0.07943307247854356	1.6180974980564668e-12
0.07826954031120106	1.6051745353073463e-12
0.07566501216074618	1.5828515526716057e-12
0.07498942093324558	1.5759191628771046e-12
0.074766533617608	1.573273551348352e-12
0.07443792474774856	1.5709333234975972e-12
0.07233941627366748	1.5491974792599118e-12
0.07130324026957327	1.5368015352731855e-12
0.06978305848598663	1.525218311305168e-12
0.06977610233182821	1.5251524554614348e-12
0.06808503079452582	1.5046618866623145e-12
0.06731703824144983	1.4985299038187324e-12
0.06536799068419347	1.4794153080299011e-12
0.06507530718300195	1.4757870226576675e-12
0.06493816315762113	1.4746435627368547e-12
0.06439481374911196	1.4692235335826682e-12
0.06208337126440994	1.441978668443766e-12
0.06126148767428518	1.435153791727804e-12
0.060429639023813285	1.4255205186934848e-12
0.05925594525552347	1.4099803181175342e-12
0.058294153471360736	1.4015785228776516e-12
0.05744095742696255	1.392444324489175e-12
0.05661868844137311	1.3813748228009825e-12
0.05623413251903491	1.3778754961890305e-12
0.05469933742630565	1.3609915048532257e-12
0.05410189492474696	1.3532457557397203e-12
0.05389080843513111	1.3513473064386401e-12
0.05232991146814947	1.3317159663607532e-12
0.05161518625952252	1.321387218002368e-12
0.050581968124443065	1.3115540183225396e-12
0.05048065716667471	1.3102509081430044e-12
0.0493023404859468	1.2930464112988017e-12
0.04869675251658631	1.2870498366447112e-12
0.0474716343059115	1.2723184585478464e-12
0.04713776122689772	1.267347121759795e-12
0.046299861779434764	1.2574252895605842e-12
0.04531583637600818	1.2438870055864624e-12
0.045016680615365685	1.2391686632627961e-12
0.04458993612352208	1.2347907994091665e-12
0.043714448126110896	1.2226096379744933e-12
0.04298457626964737	1.2110048745038875e-12
0.042169650342858224	1.2022411567969942e-12
0.04192456209148234	1.19904130483588e-12
0.04108755343543502	1.1855737900625263e-12
0.040679443210830474	1.1810320083761565e-12
0.039436497141803736	1.1643337889393184e-12
0.03930725082094764	1.1622132837183066e-12
0.03924189758484536	1.1614621562522483e-12
0.038951179095009954	1.1575226471492747e-12
0.037543317295078045	1.1355598859560072e-12
0.03711151582114819	1.1305663885556808e-12
0.03651741272548377	1.121462947099687e-12
0.03587645061354945	1.11026177594358e-12
0.03522694651473102	1.1024315846168867e-12
0.034969947874537693	1.0986903143780985e-12
0.03431601817886808	1.0871235438917507e-12
0.03398208328942559	1.0829729650442182e-12
0.032975687618353094	1.0679277631822812e-12
0.03284860647461644	1.0656378607478383e-12
0.03245494073285283	1.0598599113955063e-12
0.03162277660168379	1.0460180371558356e-12
0.03140486087016837	1.0418627718625194e-12
0.03111463365370754	1.0381145027840818e-12
0.030505278902670255	1.0278677558229204e-12
0.030032461266932063	1.0187815587261544e-12
0.029427271762092817	1.0106372914196057e-12
0.029411535918270518	1.0103825353914486e-12
0.028745328704175108	9.974594441073468e-13
0.028387359647587547	9.92508642793305e-13
0.027800303871340193	9.827670093778136e-13
0.027533411224608464	9.774987280139326e-13
0.027384196342643614	9.753810510234523e-13
0.026576490543814002	9.617092385600355e-13
0.02637871521884221	9.579541287447914e-13
0.02633080113055658	9.572688084163197e-13
0.025482967479793464	9.416545168994357e-13
0.0252446822526918	9.366038712058533e-13
0.02494853641500572	9.322030308945667e-13
0.024582440689201974	9.253506273658915e-13
0.024180312286031205	9.167531330056108e-13
0.023713737056616554	9.095721280164209e-13
0.02368834141204027	9.091044145718113e-13
0.023177836210552624	8.98080608969982e-13
0.022875732003183956	8.93320020261729e-13
0.022496722522724114	8.861798461498896e-13
0.022231124402201954	8.8034869062114e-13
0.0220673406908459	8.777092076191874e-13
0.021409517576084048	8.650379145004516e-13
0.021335229777831692	8.633794153436e-13
0.02092492571334242	8.55558821751614e-13
0.02053525026457146	8.474715545948243e-13
0.02046995815207629	8.459203448068783e-13
0.0203956436692779	8.446687103983437e-13
0.019809567785503388	8.324787633911358e-13
0.019640199465044663	8.284162104409223e-13
0.01945258845264409	8.251556090278933e-13
0.019109529749704406	8.179135683517466e-13
0.018857653709813387	8.118090341504046e-13
0.018586518585615962	8.069546732859759e-13
0.018434229924091106	8.036923061728526e-13
0.01811833763183293	7.959515511952236e-13
0.01778835952949545	7.898744360928317e-13
0.01778279410038923	7.897534736705835e-13
0.017418979090614153	7.807347376429618e-13
0.01715437896342879	7.757570452797045e-13
0.017036431604830867	7.731192038506466e-13
0.016756852159686322	7.660786691312421e-13
0.016548170999431813	7.620708977806298e-13
0.016342973962011408	7.573842732287919e-13
0.01612966070652998	7.519261203939008e-13
0.01596338544287942	7.486663659195852e-13
0.015702720602494356	7.425868249819822e-13
0.01553545504506624	7.382380186528353e-13
0.01539926526059492	7.355122637676699e-13
0.015110677758542497	7.286387591308817e-13
0.014972571880169535	7.249901949758857e-13
0.014855080171727751	7.225886512046651e-13
0.014562696360749172	7.154759415120599e-13
0.014439591276018937	7.121710836983462e-13
0.014330125702369627	7.098845057945422e-13
0.014055321732832948	7.030544478273884e-13
0.01393530665742776	6.997801535231314e-13
0.013823722273578996	6.973957957030498e-13
0.01358568742186024	6.913481563139079e-13
0.013458705411793413	6.878269457440479e-13
0.01333521432163324	6.851237830857861e-13
0.013151442970373817	6.803474504855026e-13
0.013008958818625793	6.763306643359412e-13
0.012863969449369746	6.730734181469337e-13
0.012750709579804306	6.700589291644018e-13
0.012585421006659589	6.653203223191156e-13
0.012409377607517195	6.610011661185587e-13
0.012010852686112765	6.4990927901372e-13
0.011815365881141085	6.449279256791072e-13
0.011547819846894581	6.380147042878779e-13
0.011410035375704496	6.339448109822595e-13
0.011175216978227685	6.278681817167652e-13
0.011146260981431627	6.27022574150078e-13
0.011139738599948023	6.268659459068702e-13
0.01089275950295386	6.197733024233885e-13
0.010833863267774045	6.179831193823737e-13
0.010746078283213174	6.157803543533718e-13
0.010660666461237197	6.132428146704047e-13
0.01054585929180738	6.096847934716964e-13
0.010424654077901224	6.058990998684172e-13
0.010283114135793239	6.022446397758666e-13
0.010243100775217217	6.011841133445884e-13
0.01012597691241958	5.979215231443743e-13
0.010056242578325042	5.956700166638137e-13
0.010039316476509517	5.95244566452367e-13
0.01	5.942239829030039e-13
0.009886904535126872	5.907322704650926e-13
0.009806921551018442	5.881801355373067e-13
0.00972923940690416	5.860652137462366e-13
0.009646616199111993	5.837227203688421e-13
0.009600882679249126	5.82202662887232e-13
0.009544954330431153	5.80634924218964e-13
0.009445736262659554	5.774908000096113e-13
0.009409283081087755	5.764821287181996e-13
0.009336690714849114	5.743348680503892e-13
0.009324514415558104	5.739323577421262e-13
0.009319890782723057	5.738057489740877e-13
0.00930572040929699	5.733999675031824e-13
0.00922921485440981	5.708566256006961e-13
0.009198081884039548	5.697347232526878e-13
0.009159923211608929	5.688719911318901e-13
0.00906715183436341	5.658435153471572e-13
0.008981704547800394	5.627310498412431e-13
0.008921853083815217	5.613949247563064e-13
0.008884169335860009	5.603025473169046e-13
0.008810648544975376	5.575583078585664e-13
0.008786450154791486	5.57061164377287e-13
0.00867848486261277	5.538627861919102e-13
0.00867303261344844	5.536508423830721e-13
0.00867120294287968	5.536172441448777e-13
0.008659643233600654	5.533020373850634e-13
0.008532407356256069	5.488138997661221e-13
0.00851508348672383	5.485887245686182e-13
0.00846229224684143	5.467949685842481e-13
0.008415658711124407	5.448720664506521e-13
0.00838980537206421	5.446146234440064e-13
0.00837940236986848	5.442578658596236e-13
0.008320353839081897	5.41774491707044e-13
0.008301455157115637	5.416900367525401e-13
0.008286450725034604	5.412396432672121e-13
0.00824185987003818	5.393087983171187e-13
0.008231620222679996	5.393504000379395e-13
0.008202006869919176	5.384536100715031e-13
0.008176761024072882	5.373249569901566e-13
0.008171879989383802	5.374094254997704e-13
0.008134567747337881	5.362717970778137e-13
0.008122473822108097	5.357143923113163e-13
0.008120660788743392	5.35787638181187e-13
0.008080133665508587	5.345454713234215e-13
0.008077003148914097	5.343968999447862e-13
0.008076689689921809	5.344251652095437e-13
0.008058421877614819	5.338906729363512e-13
0.008032927814007947	5.32923814743674e-13
0.008033033699346282	5.329893551189767e-13
0.007999125645089806	5.318009908757484e-13
0.007991332880454873	5.314015577417288e-13
0.00799217710335773	5.315881789572991e-13
0.00796748156164486	5.307204295438941e-13
0.00795640376620131	5.301393944181969e-13
0.00795841535573659	5.30441818758373e-13
0.007940390492433034	5.29807150096572e-13
0.00792698486805787	5.290880221268153e-13
0.007930371395879971	5.294984096394868e-13
0.007917189478940122	5.290334932859196e-13
0.00790214600436842	5.28208795244487e-13
0.007906974702745076	5.28718016837421e-13
0.00789731667589309	5.283769286628851e-13
0.007881131360411872	5.274710780243383e-13
0.00788738274205289	5.280695614897413e-13
0.007880293820215642	5.27818932733e-13
0.00786332193559307	5.268503433520579e-13
0.007870925208852523	5.275286179376714e-13
0.007865712577827685	5.273441617080409e-13
0.007848207404058508	5.263267839665461e-13
0.007857063741950793	5.27075815193141e-13
0.007853223635254382	5.269398286319381e-13
0.00783536467880803	5.258842823821387e-13
0.007845362343918557	5.266956630268517e-13
0.007842527801809706	5.265952254202799e-13
0.007824441342427288	5.255096361608243e-13
0.007835465339268153	5.263756802576016e-13
0.007833368633699751	5.263013498160783e-13
0.00781514267260477	5.251919677273264e-13
0.007827080725524047	5.261057405861266e-13
0.007825526245612514	5.260506098598159e-13
0.007807221365677477	5.24922269452199e-13
0.007819967439826743	5.258775767386299e-13
0.00781881207351108	5.258365867456569e-13
0.007800469314741254	5.246930491904141e-13
0.007813925507621129	5.25684400994072e-13
0.007813064415753362	5.256538424455637e-13
0.007794710973053417	5.24498051335984e-13
0.0078087883400239635	5.255206121063067e-13
0.007808144621627964	5.25497762217577e-13
0.00778979795532053	5.243320352956447e-13
0.007804416652393685	5.253815669595782e-13
0.007803933824966292	5.253644246888993e-13
0.007785604616068434	5.241905980908704e-13
0.007800693619951455	5.252634011657602e-13
0.007800330140600362	5.252504940104144e-13
0.007782024406757	5.240700312161304e-13
0.00779752098735726	5.251628869889978e-13
0.007797246256113568	5.251531298687984e-13
0.007778966858989498	5.239672043416195e-13
0.007794815921259466	5.250773199824721e-13
0.0077946073624428945	5.250699120794293e-13
0.007776355075006423	5.238794702376916e-13
0.007792508446898166	5.250044278939736e-13
0.007792349375606574	5.249987771769792e-13
0.007774123632054746	5.238045866142954e-13
0.00779053934782741	5.24942296981963e-13
0.007790417408856867	5.249379649419471e-13
0.007772216826492074	5.237406515450876e-13
0.00778885843582169	5.248893120492795e-13
0.007788764460359547	5.24885973199839e-13
0.007770587198277266	5.23686049878098e-13
0.007787423118884575	5.24844107365563e-13
0.007787350286380123	5.248415195389239e-13
0.007769194287969529	5.236394085888222e-13
0.007786197210953963	5.248055262943762e-13
0.007786140434106302	5.24803508835603e-13
0.007768003587337204	5.235995594543881e-13
0.007785149938791597	5.24772587925873e-13
0.0077851054117926925	5.247710056697288e-13
0.007766985651773637	5.235655077531192e-13
0.007784255110651697	5.247444593832012e-13
0.007784219976979274	5.247432108677216e-13
0.007766115348371199	5.235364059466837e-13
0.00778349041835657	5.247204327510655e-13
0.007783462526183181	5.247194415374765e-13
0.0077653712180445955	5.235115315000222e-13
0.007782836849885396	5.246999057902692e-13
0.007782814571754076	5.246991140622334e-13
0.007764734933766438	5.234902681504828e-13
0.007782278193884051	5.246823657688102e-13
0.007782260293565693	5.246817296055605e-13
0.007764190839967606	5.234720900618406e-13
0.007781800620908399	5.246673758701408e-13
0.007781786154931396	5.246668617500169e-13
0.0077637255606022556	5.2345654839833e-13
0.007781392328927392	5.246545637413131e-13
0.007781380573613651	5.246541459506295e-13
0.0077633276653929	5.234432599340233e-13
0.007781043242791577	5.246436118244947e-13
0.007781033640078013	5.246432705333093e-13
0.007762987385437427	5.234318973779176e-13
0.007780744759133328	5.246342491796268e-13
0.007780736876247051	5.246339690094068e-13
0.0077626963707449394	5.234221811481795e-13
0.007780489529597553	5.246262445575715e-13
0.007780483028962657	5.246260135121959e-13
0.007762447483421898	5.234138723725274e-13
0.007780271276471996	5.246194005246219e-13
0.007780265893185313	5.246192091901983e-13
0.00776223462119563	5.23406766927595e-13
0.0077800846357488525	5.246135484729861e-13
0.00778008016066541	5.246133894169175e-13
0.007762052566773593	5.234006903598698e-13
0.007779925023444514	5.246085443793936e-13
0.007779921290429343	5.246084116974411e-13
0.007761896859217952	5.233954935554592e-13
0.007779788521662752	5.24604265196479e-13
0.007779785397944319	5.246041541700076e-13
0.00776176368409053	5.233910490465694e-13
0.007779671781436468	5.246006057802653e-13
0.007779669160275241	5.246005126157388e-13
0.007761649779608583	5.233872478598078e-13
0.007779571939840343	5.245974762723678e-13
0.007779569734930643	5.245973979024262e-13
0.007761552356463186	5.233839968259086e-13
0.007779486549252386	5.245947998684201e-13
0.0077794846904259835	5.24594733799205e-13
0.0077614690293002645	5.233812162826482e-13
0.0077794135169636245	5.245925109147855e-13
0.007779411946874795	5.245924551081418e-13
0.007761397758159939	5.23378838112989e-13
0.0027831140823655633	1.8767468395574423e-13
