0.008480217307447795	7.131275515843054e-13
0.00851319860269003	7.149092857511821e-13
0.008584129943511135	7.179905699701538e-13
0.008592158919111692	7.180866798723712e-13
0.008659643233600654	7.21216241528867e-13
0.008706985548693615	7.229271346254995e-13
0.008713702821800498	7.230677806808308e-13
0.008734006840144385	7.24088418671406e-13
0.008816541635490966	7.27184725463333e-13
0.008843432601096978	7.278301496684103e-13
0.008925143070594062	7.317673843228592e-13
0.00894487761040331	7.324894189525698e-13
0.009003335958326857	7.340324387404782e-13
0.0090792250654732	7.376048753681694e-13
0.009171856785460928	7.414321732224702e-13
0.009203226241550051	7.422626594370131e-13
0.00923136265390499	7.435666264251093e-13
0.00930572040929699	7.466788302419401e-13
0.009316336913394757	7.470581987003174e-13
0.009319468287109507	7.471633311967164e-13
0.009327247692845347	7.474901248615579e-13
0.009399613239726436	7.501637119120311e-13
0.009429379661913283	7.511698389193885e-13
0.009504135383309239	7.541501601728468e-13
0.009552959261318416	7.558536832276309e-13
0.009576996123888426	7.566775278464339e-13
0.009666591405734488	7.593158112938468e-13
0.009770197453195139	7.63673757716044e-13
0.009968751957943738	7.712264462192985e-13
0.009980213074595234	7.715453644715751e-13
0.00998685407306717	7.71819186376426e-13
0.01	7.723495374361797e-13
0.010139259384072204	7.770184056948543e-13
0.010206634479308066	7.791073434089935e-13
0.010315401101920802	7.832122228635403e-13
0.01036632928437698	7.850457695624508e-13
0.010450988470555644	7.875221202409234e-13
0.010646243065636307	7.942956468233717e-13
0.010695693010067096	7.957820786130238e-13
0.010711958512277568	7.962345220767822e-13
0.010746078283213174	7.974823865736937e-13
0.010899226827040533	8.020204448940498e-13
0.010978178966288879	8.040726890433569e-13
0.011096234139415604	8.070430040887175e-13
0.011547819846894581	8.205879825392849e-13
0.011570427450860107	8.210948142364735e-13
0.011582295193025083	8.213425132162758e-13
0.011638424250951072	8.229233727373832e-13
0.011872594217829671	8.278154898559737e-13
0.01204580487937112	8.305835004883381e-13
0.012182248117595511	8.335825882220174e-13
0.012409377607517195	8.374436668429748e-13
0.012545081825355188	8.386765546052189e-13
0.012718396837232549	8.40757207607717e-13
0.01280929440502376	8.405817110123662e-13
0.01296798463761869	8.380726273493787e-13
0.013080875278122257	8.37311262601366e-13
0.013334581757862169	8.305685929262267e-13
0.013334746259970527	8.305578032667247e-13
0.013334794571556318	8.305468532814704e-13
0.01333521432163324	8.305096637889136e-13
0.013421360060553299	8.19734733823003e-13
0.013435420236853818	8.075236167030948e-13
0.013435957661649277	8.040926014305922e-13
0.01333521432163324	7.781382460691648e-13
0.013261531616286095	7.628661965754709e-13
0.01322854846766404	7.583732595945357e-13
0.01304254181163303	7.37416352526666e-13
0.012900509568077818	7.21717919765975e-13
0.012438489022724765	6.810411101196417e-13
0.012423753984785306	6.797149868947702e-13
0.012409377607517195	6.785139037732084e-13
0.012324614649088203	6.717547621576776e-13
0.011894094263134383	6.385148672526049e-13
0.011761023822371534	6.286252572523405e-13
0.011547819846894581	6.132110766175946e-13
0.011328620280117883	5.985895729039256e-13
0.01076399611735026	5.61896543881555e-13
0.010746078283213174	5.607830602027335e-13
0.01073486426556123	5.601325132613568e-13
0.0106799574596324	5.568611305829409e-13
0.01036632928437698	5.383134665005805e-13
0.010085687320953288	5.227380194005829e-13
0.01	5.17831970960938e-13
0.009895789975332317	5.121942863835942e-13
0.009396050423125125	4.86607851390575e-13
0.00930572040929699	4.819774598917725e-13
0.009222915012117864	4.778842637353358e-13
0.008697336746169607	4.534857738749144e-13
0.008664479103879637	4.519488549785038e-13
0.008659643233600654	4.5173779754707364e-13
0.008650810320671233	4.5138161658436307e-13
0.007751545925192548	4.135174944215224e-13
0.007498942093324558	4.040596086802206e-13
0.007131376022538817	3.9046223654635765e-13
0.007028770472009809	3.86671326636269e-13
0.006978305848598663	3.849229068013632e-13
0.006798559203267205	3.7862673048268225e-13
0.006712491332045684	3.7552455670821555e-13
0.006493816315762113	3.680140165856163e-13
0.006419830500493185	3.6542747501552846e-13
0.006310703603723871	3.6178337131920917e-13
0.006042963902381328	3.5287714068107276e-13
0.005898007378449217	3.4800927117847064e-13
0.005715037873900553	3.420239767810465e-13
0.005623413251903491	3.3907466015209666e-13
0.005440109230248499	3.3278800596838685e-13
0.005244816056469821	3.266746001366545e-13
0.005232991146814947	3.2629970568648464e-13
0.00504163237356645	3.1977848506633933e-13
0.004869675251658631	3.1435486267685024e-13
0.0048580127230554715	3.1395529839673174e-13
0.004690248857897587	3.0817945187556705e-13
0.004535007363991493	3.0317891936380377e-13
0.004531583637600818	3.0306904681597694e-13
0.004380103692639006	2.977458774647354e-13
0.004261110491181051	2.9381250179419404e-13
0.004241493856867485	2.931525681728434e-13
0.004216965034285823	2.9235958402578063e-13
0.004108942449489843	2.8854044059332783e-13
0.00402849347073169	2.8567506669305787e-13
0.003924189758484536	2.8210615100301833e-13
0.0038688100275506266	2.8003923968826567e-13
0.0038312496838371992	2.7865158714294806e-13
0.0037606325075528243	2.761482238390572e-13
0.0036847253435259874	2.7341160200251506e-13
0.003664365039020828	2.726364738408471e-13
0.003659805022606288	2.724761486561066e-13
0.003651741272548377	2.722035448985954e-13
0.003518840685946037	2.671732304262288e-13
0.0034782624925865533	2.6570048575842635e-13
0.003398208328942559	2.6269037389747324e-13
0.003397749792298581	2.6267155643754106e-13
0.00332193969554354	2.596856291890162e-13
0.003290690231781916	2.584854389914464e-13
0.003227094491635072	2.5610825791979706e-13
0.0032015032456505464	2.550403911562573e-13
0.0031915749410827777	2.546755498013346e-13
0.0031622776601683794	2.535785305969148e-13
0.003124475696697986	2.519965910983357e-13
0.003080626345101684	2.5021706291857913e-13
0.003057857631547044	2.493038919123907e-13
0.003023394776938201	2.47987484886064e-13
0.002990588476142594	2.4660931075062176e-13
0.0029546105199354075	2.4517518156357013e-13
0.002942727176209282	2.447266124214269e-13
0.002917552846125373	2.436386064966527e-13
0.0029070038790033905	2.432224510290972e-13
0.0028769462567769704	2.419312578621233e-13
0.008480217307447795	7.131275515843054e-13
