DAMA search for solar axions


0.10000000E-14 0.17000000E-08
0.10000000E-13 0.17000000E-08
0.10000000E-12 0.17000000E-08
0.10000000E-11 0.17000000E-08
0.10000000E-10 0.17000000E-08
0.10000000E-09 0.17000000E-08
0.10000000E-08 0.17000000E-08
0.10000000E-07 0.17000000E-08
0.10000000E-06 0.17000000E-08
0.10000000E-05 0.17000000E-08
0.10000000E-04 0.17000000E-08
0.10000000E-03 0.17000000E-08
0.10000000E-02 0.17000000E-08
0.10000000E-01 0.17000000E-08
0.10000000E+00 0.17000000E-08
0.10000000E+01 0.17000000E-08
0.10000000E+02 0.17000000E-08
0.10000000E+03 0.17000000E-08
0.10000000E+04 0.17145925E-08
0.12589254E+04 0.17239770E-08
0.15848931E+04 0.17395852E-08
0.19952623E+04 0.17656205E-08
0.25118864E+04 0.18090274E-08
0.31622776E+04 0.18811587E-08
0.39810717E+04 0.20005918E-08
0.50118723E+04 0.21984411E-08
0.63095734E+04 0.25295163E-08
0.79432823E+04 0.30977564E-08
0.10000000E+05 0.41187203E-08
0.12589254E+05 0.60877944E-08
0.15848931E+05 0.10288442E-07
0.19952623E+05 0.20562814E-07
0.25118864E+05 0.50653379E-07
0.31622776E+05 0.16194603E-06
0.39810717E+05 0.71738155E-06
