Transparency constraint FERMILAT,


0.27465025E-08 0.63023134E-10
0.23853384E-08 0.53370343E-10
0.21713508E-08 0.46892134E-10
0.20235782E-08 0.41209751E-10
0.15627157E-08 0.34897956E-10
0.12949112E-08 0.32411564E-10
0.10985504E-08 0.33014140E-10
0.79060580E-09 0.36880771E-10
0.59636205E-09 0.36880771E-10
0.50591784E-09 0.36207621E-10
0.44984199E-09 0.33627919E-10
0.44984199E-09 0.30661966E-10
0.41922772E-09 0.26946353E-10
0.38161900E-09 0.24569708E-10
0.34739214E-09 0.21587383E-10
0.32374271E-09 0.17298163E-10
0.32374271E-09 0.13857982E-10
0.29470669E-09 0.11104525E-10
0.30888726E-09 0.88961070E-11
0.32374271E-09 0.72610595E-11
0.38161900E-09 0.57108400E-11
0.43939994E-09 0.49260634E-11
0.56898392E-09 0.46601511E-11
0.79060580E-09 0.46601511E-11
0.10481175E-08 0.46601511E-11
0.13895046E-08 0.46601511E-11
0.17575188E-08 0.49260634E-11
0.21209478E-08 0.53039570E-11
0.24420806E-08 0.56066055E-11
0.28785912E-08 0.55030061E-11
0.33932042E-08 0.52071489E-11
0.49417412E-08 0.56066055E-11
0.56898392E-08 0.63796962E-11
0.63991162E-08 0.75335556E-11
0.70297519E-08 0.87337347E-11
0.77225370E-08 0.99380230E-11
0.11246567E-07 0.10899334E-10
0.13257144E-07 0.12635720E-10
0.14225253E-07 0.15198474E-10
0.15264057E-07 0.17947336E-10
0.16379098E-07 0.21587383E-10
0.18858623E-07 0.25026493E-10
0.21209478E-07 0.29013491E-10
0.22758309E-07 0.33014140E-10
0.24420244E-07 0.38985220E-10
0.28117713E-07 0.46036256E-10
0.29470669E-07 0.55373248E-10
0.33932042E-07 0.64194822E-10
0.37276059E-07 0.71713348E-10
