#Relic ALP decay photons not changing too much ionisation history,
#Cadamuro and Redondo.
#
0.25846412E+02 0.28653484E-09
0.17385040E+06 0.15867711E-08
0.17385040E+06 0.15867711E-10
0.17385040E+04 0.50178110E-12
0.15848931E+04 0.45680166E-12
0.15030972E+04 0.42523656E-12
0.13521152E+04 0.38248419E-12
0.12961057E+04 0.36181276E-12
0.12589254E+04 0.35181124E-12
0.11257133E+04 0.30453423E-12
0.99999999E+03 0.27213961E-12
0.96664243E+03 0.26074285E-12
0.89724162E+03 0.24336760E-12
0.83278458E+03 0.22214959E-12
0.79432823E+03 0.21307964E-12
0.71718685E+03 0.18937794E-12
0.63095734E+03 0.17063495E-12
0.60947605E+03 0.16469341E-12
0.54497062E+03 0.15258319E-12
0.51417663E+03 0.14480248E-12
0.50118723E+03 0.14274534E-12
0.42732172E+03 0.13021032E-12
0.39810717E+03 0.12766671E-12
0.33945069E+03 0.12529858E-12
0.31622776E+03 0.12568717E-12
0.25372349E+03 0.13432947E-12
0.25118864E+03 0.13457692E-12
0.25033981E+03 0.13478750E-12
0.19952623E+03 0.14699745E-12
0.17094795E+03 0.16273538E-12
0.15848931E+03 0.16932174E-12
0.15000004E+03 0.18063133E-12
0.12589254E+03 0.21679335E-12
0.11482397E+03 0.25358095E-12
0.10000000E+03 0.32964076E-12
0.93580361E+02 0.35972889E-12
0.79432823E+02 0.43866648E-12
0.71735101E+02 0.50512611E-12
0.63095734E+02 0.59718938E-12
0.55857674E+02 0.71114529E-12
0.50118723E+02 0.82598113E-12
0.43903954E+02 0.10027557E-11
0.39810717E+02 0.11538695E-11
0.34690206E+02 0.14151821E-11
0.31622776E+02 0.16210030E-11
0.30101936E+02 0.20286647E-11
0.30101936E+02 0.22023493E-11
0.28290744E+02 0.29470348E-11
0.28290744E+02 0.35479538E-11
0.27185661E+02 0.42970247E-11
0.27185661E+02 0.55284239E-11
0.26487688E+02 0.62798877E-11
0.26642819E+02 0.91912497E-11
0.26642819E+02 0.12707913E-10
0.26350238E+02 0.13466103E-10
0.26350238E+02 0.18964193E-10
0.26165396E+02 0.19742361E-10
0.26165396E+02 0.28131110E-10
0.26045459E+02 0.28955642E-10
0.26045459E+02 0.41576364E-10
0.25967262E+02 0.42479777E-10
0.25967262E+02 0.61301620E-10
0.25916660E+02 0.62331518E-10
0.25916660E+02 0.90242124E-10
0.25883657E+02 0.91470729E-10
0.25883657E+02 0.13271074E-09
0.25861536E+02 0.13424153E-09
0.25861536E+02 0.19504270E-09
0.25846412E+02 0.19702042E-09
0.25846412E+02 0.28653484E-09
