# # Combined CAST axion-photon coupling limits
# # Mass [eV]    Coupling [GeV^-1]
# # Using best limits from:
# # - CAST 2019-2021 data for masses < 0.02381 eV (PRL 2024 paper)
# # - CAST Nature 2017 data for masses >= 0.02381 eV (Nature 2017 paper)
1.000000e-20	5.837320e-11
6.406290e-03	5.837320e-11
6.453715e-03	5.854215e-11
6.501492e-03	5.854215e-11
6.549622e-03	5.837320e-11
6.598108e-03	5.837320e-11
6.646953e-03	5.854215e-11
6.696160e-03	5.854215e-11
6.745731e-03	5.854215e-11
6.795669e-03	5.854215e-11
6.845977e-03	5.854215e-11
6.896657e-03	5.854215e-11
6.947713e-03	5.854215e-11
6.999146e-03	5.854215e-11
7.050960e-03	5.854215e-11
7.103158e-03	5.854215e-11
7.155742e-03	5.854215e-11
7.208715e-03	5.854215e-11
7.262081e-03	5.854215e-11
7.315841e-03	5.854215e-11
7.370000e-03	5.854215e-11
7.424559e-03	5.854215e-11
7.479523e-03	5.854215e-11
7.534893e-03	5.854215e-11
7.590673e-03	5.854215e-11
7.646866e-03	5.854215e-11
7.703475e-03	5.854215e-11
7.760503e-03	5.854215e-11
7.817954e-03	5.854215e-11
7.875829e-03	5.870966e-11
7.934133e-03	5.870966e-11
7.992869e-03	5.870966e-11
8.052040e-03	5.870966e-11
8.111648e-03	5.870966e-11
8.171698e-03	5.870966e-11
8.232192e-03	5.870966e-11
8.293135e-03	5.870966e-11
8.354528e-03	5.870966e-11
8.416376e-03	5.870966e-11
8.478682e-03	5.870966e-11
8.541449e-03	5.870966e-11
8.604680e-03	5.870966e-11
8.668380e-03	5.870966e-11
8.732551e-03	5.870966e-11
8.797198e-03	5.870966e-11
8.862322e-03	5.887574e-11
8.927929e-03	5.887574e-11
8.994022e-03	5.887574e-11
9.060604e-03	5.887574e-11
9.127679e-03	5.887574e-11
9.195250e-03	5.887574e-11
9.263322e-03	5.887574e-11
9.331898e-03	5.887574e-11
9.400981e-03	5.887574e-11
9.470576e-03	5.887574e-11
9.540685e-03	5.887574e-11
9.611314e-03	5.887574e-11
9.682466e-03	5.887574e-11
9.754145e-03	5.904043e-11
9.826354e-03	5.904043e-11
9.899097e-03	5.904043e-11
9.972380e-03	5.904043e-11
1.004620e-02	5.904043e-11
1.012058e-02	5.904043e-11
1.019550e-02	5.904043e-11
1.027097e-02	5.904043e-11
1.034701e-02	5.920375e-11
1.042361e-02	5.920375e-11
1.050077e-02	5.920375e-11
1.057851e-02	5.920375e-11
1.065682e-02	5.920375e-11
1.073571e-02	5.920375e-11
1.081519e-02	5.936573e-11
1.089525e-02	5.936573e-11
1.097591e-02	5.936573e-11
1.105716e-02	5.936573e-11
1.113902e-02	5.936573e-11
1.122148e-02	5.952640e-11
1.130455e-02	5.952640e-11
1.138824e-02	5.952640e-11
1.147254e-02	5.952640e-11
1.155747e-02	5.952640e-11
1.164303e-02	5.952640e-11
1.172922e-02	5.968577e-11
1.181605e-02	5.968577e-11
1.190353e-02	5.968577e-11
1.199165e-02	5.968577e-11
1.208042e-02	5.984388e-11
1.216985e-02	5.984388e-11
1.225994e-02	5.984388e-11
1.235070e-02	6.000075e-11
1.244213e-02	6.000075e-11
1.253424e-02	6.000075e-11
1.262703e-02	6.015640e-11
1.272051e-02	6.015640e-11
1.281468e-02	6.015640e-11
1.290954e-02	6.031084e-11
1.300511e-02	6.031084e-11
1.310139e-02	6.031084e-11
1.319838e-02	6.046411e-11
1.329608e-02	6.046411e-11
1.339451e-02	6.046411e-11
1.349367e-02	6.046411e-11
1.359356e-02	6.061622e-11
1.369420e-02	6.061622e-11
1.379557e-02	6.061622e-11
1.389770e-02	6.076720e-11
1.400058e-02	6.091706e-11
1.410423e-02	6.091706e-11
1.420864e-02	6.091706e-11
1.431383e-02	6.106582e-11
1.441979e-02	6.106582e-11
1.452654e-02	6.121350e-11
1.463408e-02	6.136012e-11
1.474241e-02	6.136012e-11
1.485155e-02	6.136012e-11
1.496149e-02	6.150570e-11
1.507225e-02	6.165025e-11
1.518383e-02	6.179379e-11
1.529624e-02	6.179379e-11
1.540947e-02	6.193633e-11
1.552355e-02	6.193633e-11
1.563847e-02	6.207790e-11
1.575424e-02	6.221851e-11
1.587087e-02	6.235817e-11
1.598836e-02	6.235817e-11
1.610672e-02	6.249690e-11
1.622595e-02	6.249690e-11
1.634607e-02	6.263471e-11
1.646708e-02	6.277162e-11
1.658899e-02	6.290764e-11
1.671179e-02	6.304278e-11
1.683551e-02	6.331048e-11
1.696014e-02	6.331048e-11
1.708569e-02	6.344307e-11
1.721218e-02	6.370578e-11
1.733960e-02	6.370578e-11
1.746796e-02	6.396528e-11
1.759728e-02	6.409385e-11
1.772755e-02	6.409385e-11
1.785878e-02	6.434870e-11
1.799099e-02	6.447500e-11
1.812418e-02	6.460056e-11
1.825835e-02	6.472539e-11
1.839351e-02	6.484951e-11
1.852968e-02	6.509562e-11
1.866685e-02	6.521764e-11
1.880504e-02	6.533897e-11
1.894425e-02	6.557964e-11
1.908450e-02	6.581768e-11
1.922578e-02	6.593574e-11
1.936810e-02	6.616997e-11
1.951148e-02	6.628616e-11
1.965593e-02	6.651673e-11
1.980144e-02	6.674492e-11
1.994802e-02	6.685814e-11
2.009570e-02	6.708288e-11
2.024447e-02	6.730538e-11
2.039433e-02	6.741581e-11
2.054531e-02	6.774387e-11
2.069741e-02	6.806724e-11
2.085063e-02	6.817401e-11
2.100498e-02	6.838607e-11
2.116048e-02	6.880435e-11
2.131713e-02	6.890774e-11
2.147494e-02	6.921514e-11
2.163392e-02	6.931670e-11
2.179407e-02	6.961874e-11
2.195541e-02	7.011358e-11
2.211794e-02	7.021130e-11
2.228168e-02	7.059815e-11
2.244663e-02	7.097875e-11
2.261280e-02	7.116677e-11
2.278020e-02	7.135332e-11
2.294884e-02	7.190435e-11
2.311873e-02	7.190435e-11
2.328988e-02	7.244300e-11
2.346229e-02	7.270788e-11
2.363598e-02	7.296989e-11
3.000000e-02	1.120110e-10
3.200000e-02	1.325310e-10
3.400000e-02	1.543400e-10
3.600000e-02	1.635910e-10
3.800000e-02	1.571640e-10
4.000000e-02	1.528930e-10
4.100000e-02	1.533580e-10
4.200000e-02	1.555100e-10
4.300000e-02	1.592120e-10
4.400000e-02	1.640250e-10
4.500000e-02	1.694620e-10
4.600000e-02	1.752910e-10
4.700000e-02	1.816130e-10
4.800000e-02	1.883180e-10
4.900000e-02	1.944710e-10
5.000000e-02	1.991690e-10
5.100000e-02	2.026160e-10
5.200000e-02	2.051760e-10
5.300000e-02	2.065360e-10
5.400000e-02	2.072360e-10
5.500000e-02	2.090340e-10
5.600000e-02	2.126700e-10
5.700000e-02	2.174170e-10
5.800000e-02	2.228040e-10
5.868940e-02	2.176120e-10
5.962850e-02	2.113420e-10
6.055300e-02	2.094290e-10
6.146360e-02	2.116060e-10
6.236100e-02	2.157940e-10
6.324560e-02	2.182760e-10
6.411790e-02	2.182760e-10
6.497860e-02	2.173330e-10
6.582810e-02	2.109170e-10
6.666670e-02	2.040620e-10
6.749490e-02	2.013690e-10
6.831300e-02	2.030690e-10
6.912150e-02	2.085180e-10
6.992060e-02	2.156700e-10
7.071070e-02	2.124590e-10
7.149200e-02	2.191010e-10
7.226490e-02	2.208270e-10
7.302970e-02	2.034120e-10
7.378650e-02	1.996870e-10
7.453560e-02	2.121970e-10
7.527730e-02	2.118040e-10
7.601170e-02	2.124330e-10
7.673910e-02	2.117780e-10
7.745970e-02	2.086290e-10
7.817360e-02	2.036490e-10
7.888110e-02	1.981780e-10
7.958220e-02	1.942910e-10
8.027730e-02	1.935200e-10
8.096640e-02	1.963880e-10
8.164970e-02	2.020010e-10
8.232730e-02	2.085050e-10
8.299930e-02	2.143870e-10
8.366600e-02	2.182760e-10
8.432740e-02	2.190060e-10
8.498370e-02	2.171500e-10
8.563490e-02	2.154950e-10
8.628120e-02	2.162650e-10
8.692270e-02	2.190060e-10
8.755950e-02	2.208040e-10
8.819170e-02	2.185160e-10
8.881940e-02	2.117640e-10
8.944270e-02	2.029800e-10
9.006170e-02	1.951040e-10
9.067650e-02	1.903110e-10
9.128710e-02	1.897000e-10
9.189370e-02	1.933990e-10
9.249620e-02	2.005290e-10
9.309490e-02	2.090270e-10
9.368980e-02	2.156570e-10
9.428090e-02	2.181800e-10
9.486830e-02	2.176850e-10
9.545210e-02	2.171250e-10
9.603240e-02	2.187320e-10
9.660920e-02	2.229330e-10
9.718250e-02	2.279300e-10
9.775250e-02	2.297030e-10
9.831920e-02	2.250130e-10
9.888260e-02	2.151700e-10
9.944290e-02	2.047280e-10
1.000000e-01	1.974520e-10
1.005540e-01	1.950370e-10
1.011050e-01	1.979530e-10
1.016530e-01	2.056400e-10
1.021980e-01	2.163270e-10
1.027400e-01	2.267270e-10
1.032800e-01	2.327270e-10
1.038160e-01	2.321700e-10
1.043500e-01	2.274420e-10
1.048810e-01	2.233490e-10
1.054090e-01	2.231130e-10
1.059350e-01	2.274420e-10
1.064580e-01	2.350420e-10
1.069790e-01	2.421540e-10
1.074970e-01	2.444970e-10
1.080120e-01	2.399950e-10
1.085250e-01	2.310830e-10
1.090360e-01	2.223550e-10
1.095450e-01	2.173690e-10
1.100500e-01	2.172350e-10
1.105540e-01	2.207340e-10
1.110560e-01	2.249150e-10
1.115550e-01	2.261240e-10
1.120520e-01	2.226730e-10
1.125460e-01	2.162280e-10
1.130390e-01	2.099240e-10
1.135290e-01	2.061770e-10
1.140180e-01	2.061480e-10
1.145040e-01	2.098570e-10
1.149880e-01	2.157690e-10
1.154700e-01	2.211630e-10
1.159500e-01	2.232260e-10
1.164280e-01	2.207000e-10
1.169050e-01	2.151440e-10
1.173790e-01	2.101530e-10
1.178510e-01	2.084220e-10
1.183220e-01	2.102880e-10
1.187900e-01	2.225370e-10
1.192570e-01	2.236290e-10
1.197220e-01	2.181320e-10
1.201850e-01	2.079510e-10
1.206460e-01	2.236070e-10
1.211060e-01	2.149940e-10
1.215640e-01	2.112490e-10
1.220200e-01	2.133650e-10
1.224740e-01	2.208390e-10
1.229270e-01	2.315070e-10
1.233780e-01	2.413670e-10
1.238280e-01	2.066880e-10
1.242760e-01	2.062480e-10
1.247220e-01	1.959740e-10
1.251670e-01	1.950030e-10
1.256100e-01	1.958570e-10
1.260510e-01	1.990640e-10
1.264910e-01	2.041500e-10
1.269300e-01	2.101000e-10
1.273660e-01	2.150310e-10
1.278020e-01	2.164630e-10
1.282360e-01	2.143620e-10
1.286680e-01	2.120400e-10
1.290990e-01	2.126150e-10
1.295290e-01	2.167330e-10
1.299570e-01	2.229100e-10
1.303840e-01	2.280250e-10
1.308090e-01	2.293000e-10
1.312330e-01	2.270590e-10
1.316560e-01	2.234610e-10
1.320770e-01	2.206530e-10
1.324970e-01	2.201510e-10
1.329160e-01	2.225140e-10
1.333330e-01	2.269950e-10
1.337490e-01	2.315580e-10
1.341640e-01	2.336040e-10
1.345780e-01	2.314470e-10
1.349900e-01	2.254290e-10
1.354010e-01	2.182760e-10
1.358100e-01	2.130430e-10
1.362190e-01	2.112760e-10
1.366260e-01	2.128360e-10
1.370320e-01	2.158560e-10
1.374370e-01	2.174180e-10
1.378400e-01	2.140310e-10
1.382430e-01	2.062620e-10
1.386440e-01	1.977510e-10
1.390440e-01	1.921520e-10
1.394430e-01	1.914610e-10
1.398410e-01	1.961730e-10
1.402380e-01	2.060770e-10
1.406330e-01	2.177090e-10
1.410280e-01	2.361990e-10
1.414210e-01	2.251120e-10
1.418140e-01	2.198460e-10
1.422050e-01	2.146150e-10
1.425950e-01	2.130820e-10
1.429840e-01	2.162530e-10
1.433720e-01	2.232260e-10
1.437590e-01	2.425930e-10
1.441450e-01	2.430300e-10
1.445300e-01	2.269410e-10
1.449140e-01	2.175150e-10
1.452970e-01	2.083250e-10
1.456780e-01	2.036340e-10
1.460590e-01	2.039740e-10
1.464390e-01	2.099920e-10
1.468180e-01	2.206070e-10
1.471960e-01	2.319490e-10
1.475730e-01	2.387470e-10
1.479490e-01	2.399140e-10
1.483240e-01	2.215550e-10
1.486980e-01	2.306060e-10
1.490710e-01	2.305140e-10
1.494430e-01	2.208850e-10
1.498150e-01	2.403830e-10
1.501850e-01	2.425230e-10
1.505550e-01	2.405810e-10
1.509230e-01	2.335460e-10
1.512910e-01	2.242520e-10
1.516580e-01	2.166230e-10
1.520230e-01	2.131460e-10
1.523880e-01	2.139290e-10
1.527530e-01	2.178790e-10
1.531160e-01	2.229890e-10
1.534780e-01	2.267270e-10
1.538400e-01	2.272620e-10
1.542000e-01	2.249690e-10
1.545600e-01	2.223100e-10
1.549190e-01	2.223330e-10
1.552780e-01	2.269200e-10
1.556350e-01	2.361420e-10
1.559910e-01	2.471720e-10
1.563470e-01	2.373760e-10
1.567020e-01	2.367190e-10
1.570560e-01	2.325680e-10
1.574100e-01	2.273680e-10
1.577620e-01	2.240860e-10
1.581140e-01	2.232480e-10
1.584650e-01	2.244740e-10
1.588150e-01	2.259190e-10
1.591640e-01	2.245730e-10
1.595130e-01	2.209320e-10
1.598610e-01	2.248160e-10
1.602080e-01	2.207810e-10
1.605550e-01	2.171990e-10
1.609000e-01	2.166110e-10
1.612450e-01	2.292690e-10
1.615890e-01	2.356850e-10
1.619330e-01	2.443860e-10
1.622750e-01	2.494980e-10
1.626170e-01	2.566980e-10
1.629590e-01	2.585690e-10
1.632990e-01	2.557090e-10
1.636390e-01	2.525180e-10
1.639780e-01	2.523390e-10
1.643170e-01	2.563870e-10
1.646550e-01	2.561200e-10
1.649920e-01	2.593040e-10
1.653280e-01	2.587430e-10
1.656640e-01	2.534750e-10
1.659990e-01	2.460640e-10
1.663330e-01	2.398600e-10
1.666670e-01	2.367750e-10
1.670000e-01	2.370380e-10
1.673320e-01	2.392690e-10
1.676640e-01	2.412600e-10
1.679950e-01	2.519180e-10
1.683250e-01	2.483070e-10
1.686550e-01	2.425230e-10
1.689840e-01	2.368880e-10
1.693120e-01	2.332210e-10
1.696400e-01	2.324090e-10
1.699670e-01	2.340350e-10
1.702940e-01	2.368320e-10
1.706200e-01	2.387830e-10
1.709450e-01	2.375900e-10
1.712700e-01	2.325980e-10
1.715940e-01	2.261240e-10
1.719170e-01	2.215780e-10
1.722400e-01	2.209430e-10
1.725620e-01	2.244850e-10
1.728840e-01	2.306260e-10
1.732050e-01	2.358090e-10
1.735260e-01	2.361890e-10
1.738450e-01	2.310020e-10
1.741650e-01	2.233490e-10
1.744830e-01	2.169050e-10
1.748010e-01	2.142480e-10
1.751190e-01	2.165370e-10
1.754360e-01	2.240300e-10
1.757520e-01	2.349850e-10
1.760680e-01	2.451270e-10
1.763830e-01	2.498280e-10
1.766980e-01	2.479880e-10
1.770120e-01	2.431340e-10
1.773260e-01	2.398050e-10
1.776390e-01	2.403920e-10
1.779510e-01	2.320800e-10
1.782630e-01	2.342880e-10
1.785750e-01	2.314870e-10
1.788850e-01	2.374040e-10
1.791960e-01	2.237410e-10
1.795050e-01	2.111960e-10
1.798150e-01	2.034860e-10
1.801230e-01	2.016970e-10
1.804320e-01	2.059340e-10
1.807390e-01	2.156700e-10
1.810460e-01	2.291030e-10
1.813530e-01	2.419870e-10
1.816590e-01	2.350330e-10
1.819650e-01	2.368130e-10
1.822700e-01	2.369440e-10
1.825740e-01	2.388940e-10
1.828780e-01	2.438960e-10
1.831820e-01	2.501400e-10
1.834850e-01	2.533210e-10
1.837870e-01	2.594250e-10
1.840890e-01	2.472220e-10
1.843910e-01	2.317090e-10
1.846920e-01	2.188990e-10
1.849920e-01	2.117120e-10
1.852930e-01	2.100860e-10
1.855920e-01	2.123930e-10
1.858910e-01	2.160180e-10
1.861900e-01	2.182040e-10
1.864880e-01	2.174180e-10
1.867860e-01	2.141460e-10
1.870830e-01	2.102610e-10
1.873800e-01	2.077840e-10
1.876760e-01	2.078670e-10
1.879720e-01	2.102070e-10
1.882670e-01	2.135070e-10
1.885620e-01	2.155700e-10
1.888560e-01	2.144000e-10
1.891500e-01	2.100050e-10
1.894440e-01	2.047940e-10
1.897370e-01	2.017960e-10
1.900290e-01	2.030840e-10
1.903210e-01	2.093000e-10
1.906130e-01	2.195270e-10
1.909040e-01	2.307990e-10
1.911950e-01	2.388940e-10
1.914850e-01	2.412780e-10
1.917750e-01	2.388750e-10
1.920650e-01	2.340740e-10
1.923540e-01	2.283610e-10
1.926420e-01	2.217040e-10
1.929310e-01	2.136730e-10
1.932180e-01	2.033230e-10
1.935060e-01	1.917980e-10
1.937930e-01	1.812090e-10
1.940790e-01	1.728910e-10
1.943650e-01	1.673190e-10
1.946510e-01	1.649890e-10
1.949360e-01	1.659820e-10
1.952210e-01	1.698750e-10
1.955050e-01	1.755390e-10
1.957890e-01	1.816070e-10
1.960730e-01	1.862570e-10
1.963560e-01	1.879930e-10
1.966380e-01	1.873690e-10
1.969210e-01	1.856830e-10
1.972030e-01	1.848380e-10
1.974840e-01	1.853210e-10
1.977650e-01	1.854580e-10
1.980460e-01	1.833760e-10
1.983260e-01	1.790380e-10
1.986060e-01	1.890840e-10
1.988860e-01	1.878610e-10
1.991650e-01	1.859270e-10
1.994440e-01	1.852320e-10
1.997220e-01	1.860140e-10
2.000000e-01	1.856150e-10
2.002780e-01	1.811880e-10
2.005550e-01	1.753190e-10
2.008320e-01	1.684220e-10
2.011080e-01	1.616020e-10
2.013840e-01	1.587040e-10
2.016600e-01	1.616610e-10
2.019350e-01	1.686700e-10
2.022100e-01	1.754350e-10
2.024850e-01	1.789070e-10
2.027590e-01	1.777110e-10
2.030330e-01	1.724730e-10
2.033060e-01	1.655220e-10
2.035790e-01	1.595330e-10
2.038520e-01	1.563450e-10
2.041240e-01	1.560050e-10
2.043960e-01	1.585350e-10
2.046680e-01	1.623040e-10
2.049390e-01	1.654390e-10
2.052100e-01	1.657150e-10
2.054800e-01	1.611780e-10
2.057510e-01	1.518990e-10
2.060210e-01	1.293500e-10
2.062900e-01	1.306440e-10
2.065590e-01	1.346210e-10
2.068280e-01	1.411000e-10
2.070960e-01	1.489330e-10
2.073640e-01	1.732410e-10
2.076320e-01	1.844210e-10
2.079000e-01	1.931830e-10
2.081670e-01	1.986820e-10
2.084330e-01	2.015980e-10
2.087000e-01	2.041360e-10
2.089660e-01	2.072310e-10
2.092310e-01	1.991670e-10
2.094970e-01	2.163020e-10
2.097620e-01	2.176850e-10
2.100260e-01	2.001720e-10
2.102910e-01	1.962310e-10
2.105550e-01	1.933900e-10
2.108190e-01	1.934160e-10
2.110820e-01	1.968650e-10
2.113450e-01	2.033970e-10
2.116080e-01	2.121060e-10
2.118700e-01	2.203380e-10
2.121320e-01	2.109170e-10
2.123940e-01	2.103690e-10
2.126550e-01	1.935200e-10
2.129160e-01	1.933300e-10
2.131770e-01	1.960070e-10
2.134370e-01	2.152450e-10
2.136980e-01	2.156820e-10
2.139570e-01	2.109300e-10
2.142170e-01	2.125760e-10
2.144760e-01	1.982750e-10
2.147350e-01	1.877760e-10
2.149940e-01	1.926520e-10
2.152520e-01	1.936490e-10
2.155100e-01	1.984510e-10
2.157670e-01	2.047350e-10
2.160250e-01	2.098570e-10
2.162820e-01	2.119480e-10
2.165380e-01	2.110900e-10
2.167950e-01	2.097350e-10
2.170510e-01	2.103550e-10
2.173070e-01	2.145140e-10
2.175620e-01	2.213590e-10
2.178170e-01	2.284660e-10
2.180720e-01	2.326970e-10
2.183270e-01	2.321800e-10
2.185810e-01	2.276760e-10
2.188350e-01	2.216010e-10
2.190890e-01	2.175880e-10
2.193420e-01	2.193740e-10
2.195960e-01	2.268340e-10
2.198480e-01	2.360180e-10
2.201010e-01	2.435590e-10
2.203530e-01	2.474450e-10
2.206050e-01	2.473630e-10
2.208570e-01	2.443860e-10
2.211080e-01	2.410020e-10
2.213590e-01	2.395690e-10
2.216100e-01	2.410200e-10
2.218610e-01	2.440940e-10
2.221110e-01	2.454580e-10
2.223610e-01	2.415090e-10
2.226110e-01	2.306770e-10
2.228600e-01	2.057910e-10
2.231090e-01	1.961650e-10
2.233580e-01	1.901930e-10
2.236070e-01	1.889630e-10
2.238550e-01	1.913000e-10
2.241030e-01	1.958410e-10
2.243510e-01	2.003890e-10
2.245980e-01	2.023640e-10
2.248460e-01	2.008080e-10
2.250930e-01	1.975650e-10
2.253390e-01	1.954570e-10
2.255860e-01	1.965850e-10
2.258320e-01	2.014150e-10
2.260780e-01	2.087250e-10
2.263230e-01	2.161910e-10
2.265690e-01	2.211520e-10
2.268140e-01	2.226050e-10
2.270580e-01	2.220130e-10
2.273030e-01	2.216930e-10
2.275470e-01	2.233270e-10
2.277910e-01	2.272830e-10
2.280350e-01	2.322090e-10
2.282790e-01	2.357230e-10
2.285220e-01	2.365960e-10
2.287650e-01	2.357130e-10
2.290080e-01	2.342100e-10
2.292500e-01	2.324980e-10
2.294920e-01	2.304930e-10
2.297340e-01	2.280770e-10
2.299760e-01	2.238300e-10
2.302170e-01	2.163390e-10
2.304580e-01	2.062050e-10
2.306990e-01	1.957080e-10
2.309400e-01	1.865460e-10
2.311810e-01	1.798390e-10
2.314210e-01	1.763310e-10
2.316610e-01	1.762970e-10
2.319000e-01	1.794940e-10
2.321400e-01	1.849470e-10
2.323790e-01	1.908250e-10
2.326180e-01	1.946140e-10
2.328570e-01	1.949700e-10
2.330950e-01	1.929740e-10
2.333330e-01	1.913180e-10
2.335710e-01	1.923800e-10
2.338090e-01	1.973380e-10
2.340470e-01	2.059190e-10
2.342840e-01	2.162280e-10
2.345210e-01	2.245510e-10
2.347580e-01	2.278660e-10
2.349940e-01	2.263730e-10
2.352300e-01	2.233490e-10
2.354660e-01	2.221160e-10
2.357020e-01	2.244300e-10
2.359380e-01	2.305240e-10
2.361730e-01	2.387740e-10
2.364080e-01	2.456860e-10
2.366430e-01	2.477660e-10
2.368780e-01	2.444460e-10
2.371120e-01	2.283720e-10
2.373460e-01	2.221390e-10
2.375800e-01	2.201280e-10
2.378140e-01	2.214630e-10
2.380480e-01	2.238520e-10
2.382810e-01	2.368790e-10
2.385140e-01	2.313360e-10
2.387470e-01	2.207690e-10
2.389790e-01	2.097080e-10
2.392120e-01	2.021370e-10
2.394440e-01	1.993090e-10
2.396760e-01	2.010000e-10
2.399070e-01	2.063050e-10
2.401390e-01	2.133650e-10
2.403700e-01	2.192670e-10
2.406010e-01	2.214170e-10
2.408320e-01	2.198690e-10
2.410620e-01	2.170150e-10
2.412930e-01	2.150570e-10
2.415230e-01	2.143110e-10
2.417530e-01	2.131590e-10
2.419830e-01	2.092590e-10
2.422120e-01	2.018640e-10
2.424410e-01	1.930610e-10
2.426700e-01	1.855860e-10
2.428990e-01	1.808720e-10
2.431280e-01	1.791580e-10
2.433560e-01	1.802350e-10
2.435840e-01	1.836490e-10
2.438120e-01	1.886010e-10
2.440400e-01	1.938550e-10
2.442680e-01	1.977350e-10
2.444950e-01	1.990560e-10
2.447220e-01	1.982910e-10
2.449490e-01	1.973050e-10
2.451760e-01	1.977600e-10
2.454020e-01	2.001170e-10
2.456280e-01	2.036190e-10
2.458550e-01	2.072520e-10
2.460800e-01	2.090130e-10
2.463060e-01	2.082000e-10
2.465310e-01	2.060770e-10
2.467570e-01	2.134420e-10
2.469820e-01	2.162160e-10
2.472070e-01	2.221160e-10
2.474310e-01	2.309820e-10
2.476560e-01	2.415360e-10
2.478800e-01	2.514950e-10
2.481040e-01	2.581710e-10
2.483280e-01	2.603440e-10
2.485510e-01	2.595830e-10
2.487750e-01	2.587070e-10
2.489980e-01	2.597400e-10
2.492210e-01	2.624640e-10
2.494440e-01	2.641290e-10
2.496660e-01	2.608240e-10
2.498890e-01	2.509430e-10
2.501110e-01	2.371510e-10
2.503330e-01	2.240860e-10
2.505550e-01	2.146530e-10
2.507770e-01	2.016060e-10
2.509980e-01	2.018340e-10
2.512190e-01	2.040330e-10
2.514400e-01	2.061770e-10
2.516610e-01	2.063050e-10
2.518820e-01	2.043560e-10
2.521020e-01	2.015290e-10
2.523230e-01	2.001330e-10
2.525430e-01	2.024620e-10
2.527630e-01	2.098700e-10
2.529820e-01	2.225370e-10
2.532020e-01	2.383880e-10
2.534210e-01	2.530290e-10
2.536400e-01	2.608460e-10
2.538590e-01	2.501720e-10
2.540780e-01	2.473630e-10
2.542960e-01	2.597610e-10
2.545150e-01	2.659410e-10
2.547330e-01	2.635980e-10
2.549510e-01	2.701980e-10
2.551690e-01	2.737390e-10
2.553860e-01	2.727220e-10
2.556040e-01	2.684960e-10
2.558210e-01	2.658620e-10
2.560380e-01	2.570230e-10
2.562550e-01	2.534670e-10
2.564720e-01	2.549890e-10
2.566880e-01	2.595470e-10
2.569050e-01	2.637610e-10
2.571210e-01	2.644670e-10
2.573370e-01	2.610500e-10
2.575530e-01	2.556570e-10
2.577680e-01	2.510690e-10
2.579840e-01	2.414030e-10
2.581990e-01	2.502280e-10
2.584140e-01	2.516040e-10
2.586290e-01	2.505780e-10
2.588440e-01	2.435590e-10
2.590580e-01	2.311440e-10
2.592720e-01	2.168810e-10
2.594870e-01	2.057760e-10
2.597010e-01	2.001090e-10
2.599150e-01	1.999060e-10
2.601280e-01	2.045310e-10
2.603420e-01	2.124590e-10
2.605550e-01	2.207000e-10
2.607680e-01	2.253420e-10
2.609810e-01	2.245290e-10
2.611940e-01	2.205720e-10
2.614060e-01	2.175390e-10
2.616190e-01	2.183120e-10
2.618310e-01	2.233720e-10
2.620430e-01	2.312550e-10
2.622550e-01	2.379340e-10
2.624670e-01	2.386090e-10
2.626790e-01	2.322590e-10
2.628900e-01	2.228880e-10
2.631010e-01	2.147290e-10
2.633120e-01	2.106900e-10
2.635230e-01	2.102480e-10
2.637340e-01	2.213590e-10
2.639440e-01	2.255710e-10
2.641550e-01	2.246950e-10
2.643650e-01	2.735810e-10
2.645750e-01	2.761690e-10
2.647850e-01	2.741170e-10
2.649950e-01	2.714690e-10
2.652040e-01	2.701220e-10
2.654140e-01	2.682630e-10
2.656230e-01	2.185520e-10
2.658320e-01	2.317690e-10
2.660410e-01	2.439820e-10
2.662500e-01	2.408950e-10
2.664580e-01	2.434210e-10
2.666670e-01	2.435680e-10
2.668750e-01	2.454920e-10
2.670830e-01	2.495230e-10
2.672910e-01	2.539420e-10
2.674990e-01	2.544670e-10
2.677060e-01	2.467320e-10
2.679140e-01	2.321400e-10
2.681210e-01	2.177090e-10
2.683280e-01	2.078530e-10
2.685350e-01	2.032930e-10
2.687420e-01	2.032780e-10
2.689490e-01	2.059340e-10
2.691550e-01	2.092720e-10
2.693610e-01	2.112360e-10
2.695680e-01	2.109170e-10
2.697740e-01	2.090270e-10
2.699790e-01	2.070830e-10
2.701850e-01	2.064330e-10
2.703910e-01	2.079230e-10
2.705960e-01	2.109170e-10
2.708010e-01	2.138780e-10
2.710060e-01	2.147670e-10
2.712110e-01	2.121320e-10
2.714160e-01	2.065470e-10
2.716210e-01	2.487710e-10
2.718250e-01	2.453390e-10
2.720290e-01	2.465830e-10
2.722340e-01	2.529050e-10
2.724380e-01	2.620970e-10
2.726410e-01	2.506810e-10
2.728450e-01	2.499320e-10
2.730490e-01	1.981460e-10
2.732520e-01	1.972240e-10
2.734550e-01	1.964700e-10
2.736580e-01	1.968320e-10
2.738610e-01	1.985150e-10
2.740640e-01	2.008690e-10
2.742670e-01	2.813280e-10
2.744690e-01	3.000740e-10
2.746720e-01	3.193590e-10
2.748740e-01	3.013060e-10
2.750760e-01	2.963220e-10
2.752780e-01	2.131980e-10
2.754790e-01	2.116590e-10
2.756810e-01	2.111430e-10
2.758820e-01	2.757880e-10
2.760840e-01	2.114210e-10
2.762850e-01	2.115270e-10
2.764860e-01	2.112360e-10
2.766870e-01	2.107840e-10
2.768870e-01	2.113290e-10
2.770880e-01	2.140440e-10
2.772880e-01	2.198810e-10
2.774890e-01	2.285390e-10
2.776890e-01	2.383230e-10
2.778890e-01	2.460390e-10
2.780890e-01	2.490710e-10
2.782880e-01	2.479710e-10
2.784880e-01	2.456270e-10
2.786870e-01	2.444200e-10
2.788870e-01	2.448210e-10
2.790860e-01	2.452970e-10
2.792850e-01	2.429690e-10
2.794840e-01	2.356080e-10
2.796820e-01	2.244740e-10
2.798810e-01	2.133780e-10
2.800790e-01	2.050120e-10
2.802780e-01	2.001560e-10
2.804760e-01	1.986030e-10
2.806740e-01	1.997340e-10
2.808720e-01	2.026800e-10
2.810690e-01	2.062620e-10
2.812670e-01	2.090540e-10
2.814640e-01	2.101530e-10
2.816620e-01	2.101400e-10
2.818590e-01	2.106630e-10
2.820560e-01	2.130940e-10
2.822530e-01	2.176120e-10
2.824500e-01	2.227750e-10
2.826460e-01	2.258860e-10
2.828430e-01	2.248160e-10
2.830390e-01	2.201510e-10
2.832350e-01	2.146660e-10
2.834310e-01	2.108370e-10
2.836270e-01	2.098570e-10
2.838230e-01	2.116850e-10
2.840190e-01	2.152070e-10
2.842140e-01	2.185640e-10
2.844100e-01	2.198580e-10
2.846050e-01	2.186600e-10
2.848000e-01	2.161290e-10
2.849950e-01	2.141330e-10
2.851900e-01	2.140700e-10
2.853850e-01	2.167090e-10
2.855790e-01	2.217390e-10
2.857740e-01	2.279400e-10
2.859680e-01	2.332610e-10
2.861620e-01	2.357040e-10
2.863560e-01	2.349850e-10
2.865500e-01	2.327960e-10
2.867440e-01	2.314670e-10
2.869380e-01	2.323490e-10
2.871310e-01	2.355800e-10
2.873250e-01	2.396060e-10
2.875180e-01	2.419520e-10
2.877110e-01	2.407600e-10
2.879040e-01	2.362740e-10
2.880970e-01	2.308090e-10
2.882900e-01	2.268990e-10
2.884830e-01	2.260920e-10
2.886750e-01	2.286550e-10
2.888680e-01	2.336930e-10
2.890600e-01	2.390040e-10
2.892520e-01	2.417750e-10
2.894440e-01	2.402030e-10
2.896360e-01	2.350520e-10
2.898280e-01	2.291130e-10
2.900190e-01	2.247060e-10
2.902110e-01	2.221500e-10
2.904020e-01	2.195630e-10
2.905930e-01	2.137500e-10
2.907840e-01	2.036640e-10
2.909750e-01	1.918250e-10
2.911660e-01	1.815340e-10
2.913570e-01	1.745020e-10
2.915480e-01	1.711360e-10
2.917380e-01	1.713840e-10
2.919280e-01	1.750050e-10
2.921190e-01	1.815650e-10
2.923090e-01	1.901470e-10
2.924990e-01	1.989690e-10
2.926890e-01	2.055170e-10
2.928780e-01	2.084490e-10
2.930680e-01	2.092590e-10
2.932580e-01	2.106770e-10
2.934470e-01	2.145390e-10
2.936360e-01	2.204200e-10
2.938250e-01	2.256580e-10
2.940140e-01	2.266950e-10
2.942030e-01	2.224920e-10
2.943920e-01	2.154700e-10
2.945810e-01	2.087320e-10
2.947690e-01	2.042240e-10
2.949580e-01	2.026800e-10
2.951460e-01	2.041360e-10
2.953340e-01	2.081030e-10
2.955220e-01	2.139040e-10
2.957100e-01	2.201860e-10
2.958980e-01	2.249480e-10
2.960860e-01	2.269840e-10
2.962730e-01	2.275380e-10
2.964610e-01	2.289150e-10
2.966480e-01	2.323290e-10
2.968350e-01	2.369070e-10
2.970220e-01	2.401220e-10
2.972090e-01	2.397050e-10
2.973960e-01	2.359990e-10
2.975830e-01	2.315380e-10
2.977690e-01	2.287690e-10
2.979560e-01	2.291860e-10
2.981420e-01	2.335850e-10
2.983290e-01	2.415360e-10
2.985150e-01	2.508480e-10
2.987010e-01	2.583520e-10
2.988870e-01	2.597180e-10
2.990730e-01	2.560600e-10
2.992580e-01	2.504510e-10
2.994440e-01	2.480620e-10
2.996290e-01	2.497720e-10
2.998150e-01	2.553270e-10
3.000000e-01	2.625060e-10
3.001850e-01	2.674960e-10
3.003700e-01	2.689090e-10
3.005550e-01	2.636390e-10
3.007400e-01	2.550260e-10
3.009240e-01	2.453560e-10
3.011090e-01	2.417220e-10
3.012940e-01	2.421460e-10
3.014780e-01	2.452120e-10
3.016620e-01	2.470560e-10
3.018460e-01	2.277710e-10
3.020300e-01	2.199630e-10
3.022140e-01	2.126540e-10
3.023980e-01	2.079230e-10
3.025810e-01	2.068860e-10
3.027650e-01	2.099650e-10
3.029480e-01	2.170760e-10
3.031320e-01	2.373570e-10
3.033150e-01	2.483150e-10
3.034980e-01	2.515810e-10
3.036810e-01	2.572870e-10
3.038640e-01	2.462070e-10
3.040470e-01	2.366530e-10
3.042290e-01	2.307790e-10
3.044120e-01	2.285390e-10
3.045940e-01	2.286130e-10
3.047770e-01	2.287800e-10
3.049590e-01	2.271550e-10
3.051410e-01	2.230120e-10
3.053230e-01	2.097890e-10
3.055050e-01	2.091360e-10
3.056870e-01	2.102210e-10
3.058690e-01	2.122240e-10
3.060500e-01	2.136990e-10
3.062320e-01	2.134550e-10
3.064130e-01	2.122500e-10
3.065940e-01	2.105700e-10
3.067750e-01	2.090540e-10
3.069560e-01	2.175270e-10
3.071370e-01	2.207000e-10
3.073180e-01	2.249910e-10
3.074990e-01	2.297140e-10
3.076790e-01	2.336830e-10
3.078600e-01	2.355510e-10
3.080400e-01	2.339080e-10
3.082210e-01	2.301250e-10
3.084010e-01	2.260050e-10
3.085810e-01	2.235620e-10
3.087610e-01	2.241860e-10
3.089410e-01	2.280030e-10
3.091210e-01	2.333880e-10
3.093000e-01	2.370200e-10
3.094800e-01	2.371790e-10
3.096590e-01	2.336040e-10
3.098390e-01	2.282670e-10
3.100180e-01	2.237300e-10
3.101970e-01	2.160670e-10
3.103760e-01	2.210360e-10
3.105550e-01	2.292170e-10
3.107340e-01	2.235960e-10
3.109130e-01	2.274850e-10
3.110910e-01	2.290920e-10
3.112700e-01	2.292790e-10
3.114480e-01	2.291340e-10
3.116270e-01	2.290720e-10
3.118050e-01	2.285290e-10
3.119830e-01	2.261030e-10
3.121610e-01	2.334470e-10
3.123390e-01	2.222420e-10
3.125170e-01	2.084910e-10
3.126940e-01	2.277920e-10
3.128720e-01	2.178910e-10
3.130500e-01	2.127840e-10
3.132270e-01	2.121190e-10
3.134040e-01	2.151570e-10
3.135810e-01	1.949360e-10
3.137590e-01	2.033670e-10
3.139360e-01	2.113820e-10
3.141130e-01	2.170890e-10
3.142890e-01	2.203150e-10
3.144660e-01	2.223670e-10
3.146430e-01	2.246830e-10
3.148190e-01	2.273680e-10
3.149960e-01	2.293000e-10
3.151720e-01	2.281830e-10
3.153480e-01	2.228200e-10
3.155240e-01	2.147670e-10
3.157000e-01	2.069140e-10
3.158760e-01	2.016440e-10
3.160520e-01	2.001870e-10
3.162280e-01	2.030390e-10
3.164030e-01	2.101800e-10
3.165790e-01	2.211630e-10
3.167540e-01	2.340740e-10
3.169300e-01	2.452800e-10
3.171050e-01	2.524940e-10
3.172800e-01	2.409390e-10
3.174550e-01	2.391860e-10
3.176300e-01	2.400040e-10
3.178050e-01	2.423920e-10
3.179800e-01	2.440250e-10
3.181540e-01	2.424090e-10
3.183290e-01	2.380270e-10
3.185030e-01	2.322790e-10
3.186780e-01	2.271980e-10
3.188520e-01	2.245510e-10
3.190260e-01	2.247940e-10
3.192000e-01	2.274110e-10
3.193740e-01	2.440080e-10
3.195480e-01	2.460140e-10
3.197220e-01	2.462320e-10
3.198960e-01	2.443170e-10
3.200690e-01	2.418900e-10
3.202430e-01	2.391040e-10
3.204160e-01	2.467490e-10
3.205900e-01	2.477170e-10
3.207630e-01	2.494820e-10
3.209360e-01	2.517850e-10
3.211090e-01	2.534130e-10
3.212820e-01	2.530290e-10
3.214550e-01	2.505460e-10
3.216280e-01	2.479800e-10
3.218000e-01	2.476020e-10
3.219730e-01	2.505940e-10
3.221460e-01	2.565650e-10
3.223180e-01	2.629950e-10
3.224900e-01	2.538120e-10
3.226630e-01	2.486820e-10
3.228350e-01	2.508790e-10
3.230070e-01	2.401490e-10
3.231790e-01	2.276550e-10
3.233510e-01	2.281930e-10
3.235220e-01	2.336240e-10
3.236940e-01	2.417400e-10
3.238660e-01	2.493530e-10
3.240370e-01	2.524250e-10
3.242080e-01	2.489490e-10
3.243800e-01	2.415620e-10
3.245510e-01	2.349460e-10
3.247220e-01	2.318790e-10
3.248930e-01	2.324880e-10
3.250640e-01	2.351480e-10
3.252350e-01	2.374600e-10
3.254060e-01	2.360470e-10
3.255760e-01	2.305140e-10
3.257470e-01	2.237300e-10
3.259180e-01	2.187670e-10
3.260880e-01	2.174420e-10
3.262580e-01	2.198810e-10
3.264280e-01	2.260380e-10
3.265990e-01	2.353310e-10
3.267690e-01	2.461810e-10
3.269390e-01	2.563430e-10
3.271090e-01	2.465490e-10
3.272780e-01	2.433340e-10
3.274480e-01	2.415980e-10
3.276180e-01	2.427070e-10
3.277870e-01	2.457950e-10
3.279570e-01	2.493210e-10
3.281260e-01	2.557770e-10
3.282950e-01	2.451870e-10
3.284640e-01	2.320500e-10
3.286340e-01	2.202450e-10
3.288030e-01	2.117120e-10
3.289710e-01	2.184080e-10
3.291400e-01	2.223780e-10
3.293090e-01	2.276330e-10
3.294780e-01	2.311440e-10
3.296460e-01	2.315780e-10
3.298150e-01	2.286230e-10
3.299830e-01	2.237520e-10
3.301510e-01	2.193680e-10
3.303200e-01	2.172230e-10
3.304880e-01	2.182580e-10
3.306560e-01	2.224580e-10
3.308240e-01	2.286960e-10
3.309920e-01	2.345500e-10
3.311600e-01	2.375440e-10
3.313270e-01	2.359710e-10
3.314950e-01	2.296100e-10
3.316620e-01	2.225030e-10
3.318300e-01	2.065470e-10
3.319970e-01	2.067450e-10
3.321650e-01	2.083660e-10
3.323320e-01	2.109440e-10
3.324990e-01	2.146910e-10
3.326660e-01	2.189820e-10
3.328330e-01	2.227520e-10
3.330000e-01	2.263940e-10
3.331670e-01	2.313460e-10
3.333330e-01	2.279510e-10
3.335000e-01	2.323890e-10
3.336660e-01	2.392410e-10
3.338330e-01	2.469320e-10
3.339990e-01	2.529050e-10
3.341660e-01	2.555970e-10
3.343320e-01	2.553870e-10
3.344980e-01	2.333880e-10
3.346640e-01	2.301870e-10
3.348300e-01	2.281400e-10
3.349960e-01	2.246060e-10
3.351620e-01	2.361040e-10
3.353270e-01	2.454920e-10
3.354930e-01	2.326470e-10
3.356590e-01	2.221050e-10
3.358240e-01	2.151260e-10
3.359890e-01	2.114150e-10
3.361550e-01	2.100730e-10
3.363200e-01	2.099440e-10
3.364850e-01	2.093820e-10
3.366500e-01	2.000940e-10
3.368150e-01	1.966760e-10
3.369800e-01	1.920990e-10
3.371450e-01	1.881520e-10
3.373100e-01	1.863730e-10
3.374740e-01	1.870730e-10
3.376390e-01	1.905100e-10
3.378030e-01	1.961480e-10
3.379680e-01	2.028750e-10
3.381320e-01	2.086150e-10
3.382960e-01	2.120400e-10
3.384610e-01	2.132620e-10
3.386250e-01	2.130560e-10
3.387890e-01	2.130170e-10
3.389530e-01	2.140060e-10
3.391160e-01	2.159190e-10
3.392800e-01	2.183720e-10
3.394440e-01	2.207340e-10
3.396080e-01	2.224240e-10
3.397710e-01	2.232030e-10
3.399350e-01	2.229100e-10
3.400980e-01	2.222640e-10
3.402610e-01	2.224460e-10
3.404250e-01	2.238750e-10
3.405880e-01	2.259620e-10
3.407510e-01	2.275800e-10
3.409140e-01	2.265980e-10
3.410770e-01	2.358850e-10
3.412400e-01	2.333980e-10
3.414020e-01	2.305950e-10
3.415650e-01	2.292070e-10
3.417280e-01	2.295280e-10
3.418900e-01	2.302280e-10
3.420530e-01	2.192430e-10
3.422150e-01	2.187670e-10
3.423770e-01	2.142100e-10
3.425400e-01	2.080060e-10
3.427020e-01	2.014220e-10
3.428640e-01	1.964700e-10
3.430260e-01	1.942060e-10
3.431880e-01	1.947500e-10
3.433500e-01	2.401670e-10
3.435110e-01	2.467820e-10
3.436730e-01	2.511560e-10
3.438350e-01	2.521130e-10
3.439960e-01	2.506020e-10
3.441580e-01	2.502680e-10
3.443190e-01	2.506970e-10
3.444800e-01	2.652880e-10
3.446420e-01	2.696890e-10
3.448030e-01	2.727470e-10
3.449640e-01	2.729070e-10
3.451250e-01	2.692290e-10
3.452860e-01	2.237190e-10
3.454470e-01	2.202910e-10
3.456070e-01	2.177700e-10
3.457680e-01	2.176610e-10
3.459290e-01	2.205720e-10
3.460890e-01	2.262970e-10
3.462500e-01	2.333390e-10
3.464100e-01	2.395780e-10
3.465710e-01	2.418990e-10
3.467310e-01	2.400040e-10
3.468910e-01	2.283930e-10
3.470510e-01	2.274110e-10
3.472110e-01	2.272940e-10
3.473710e-01	2.288530e-10
3.475310e-01	2.301870e-10
3.476910e-01	2.298780e-10
3.478510e-01	2.266410e-10
3.480100e-01	2.204670e-10
3.481700e-01	2.132880e-10
3.483290e-01	2.075880e-10
3.484890e-01	2.045600e-10
3.486480e-01	2.043850e-10
3.488070e-01	2.066880e-10
3.489670e-01	2.108640e-10
3.491260e-01	2.151570e-10
3.492850e-01	2.184440e-10
3.494440e-01	2.205250e-10
3.496030e-01	2.221390e-10
3.497620e-01	2.243520e-10
3.499210e-01	2.279300e-10
3.500790e-01	2.326380e-10
3.502380e-01	2.370480e-10
3.503970e-01	2.228650e-10
3.505550e-01	2.210940e-10
3.507140e-01	2.179750e-10
3.508720e-01	2.152200e-10
3.510300e-01	2.139680e-10
3.511880e-01	2.144890e-10
3.513470e-01	2.163770e-10
3.515050e-01	2.330140e-10
3.516630e-01	2.316580e-10
3.518210e-01	2.267590e-10
3.519790e-01	2.190410e-10
3.521360e-01	2.106630e-10
3.522940e-01	2.036050e-10
3.524520e-01	1.989920e-10
3.526090e-01	1.972730e-10
3.527670e-01	1.983230e-10
3.529240e-01	2.015900e-10
3.530820e-01	2.060480e-10
3.532390e-01	2.103010e-10
3.533960e-01	2.130820e-10
3.535530e-01	2.142100e-10
3.537100e-01	2.146150e-10
3.538680e-01	2.154330e-10
3.540240e-01	2.174790e-10
3.541810e-01	2.208390e-10
3.543380e-01	2.249040e-10
3.544950e-01	2.287590e-10
3.546520e-01	2.318090e-10
3.548080e-01	2.342000e-10
3.549650e-01	2.366430e-10
3.551210e-01	2.397420e-10
3.552780e-01	2.435680e-10
3.554340e-01	2.474450e-10
3.555900e-01	2.499000e-10
3.557460e-01	2.486900e-10
3.559030e-01	2.427940e-10
3.560590e-01	2.343270e-10
3.562150e-01	2.266840e-10
3.563710e-01	2.220710e-10
3.565260e-01	2.211400e-10
3.566820e-01	2.235730e-10
3.568380e-01	2.282770e-10
3.569940e-01	2.332110e-10
3.571490e-01	2.356940e-10
3.573050e-01	2.342590e-10
3.574600e-01	2.301660e-10
3.576160e-01	2.258970e-10
3.577710e-01	2.233940e-10
3.579260e-01	2.238410e-10
3.580810e-01	2.277920e-10
3.582360e-01	2.350710e-10
3.583910e-01	2.443000e-10
3.585460e-01	2.525330e-10
3.587010e-01	2.564910e-10
3.588560e-01	2.558510e-10
3.590110e-01	2.530590e-10
3.591660e-01	2.509030e-10
3.593200e-01	2.512030e-10
3.594750e-01	2.542390e-10
3.596290e-01	2.583670e-10
3.597840e-01	2.608670e-10
3.599380e-01	2.592030e-10
3.600930e-01	2.536280e-10
3.602470e-01	2.470560e-10
3.604010e-01	2.422770e-10
3.605550e-01	2.402660e-10
3.607090e-01	2.405000e-10
3.608630e-01	2.412250e-10
3.610170e-01	2.400860e-10
3.611710e-01	2.360180e-10
3.613250e-01	2.300940e-10
3.614780e-01	2.235400e-10
3.616320e-01	2.187670e-10
3.617860e-01	2.297960e-10
3.619390e-01	2.314970e-10
3.620930e-01	2.342300e-10
3.622460e-01	2.367280e-10
3.623990e-01	2.376550e-10
3.625530e-01	2.358940e-10
3.627060e-01	2.321400e-10
3.628590e-01	2.282980e-10
3.630120e-01	2.255820e-10
3.631650e-01	2.248160e-10
3.633180e-01	2.263940e-10
3.634710e-01	2.292790e-10
3.636240e-01	2.318290e-10
3.637760e-01	2.313360e-10
3.639290e-01	2.263510e-10
3.640820e-01	2.192910e-10
3.642340e-01	2.156950e-10
3.643870e-01	2.153450e-10
3.645390e-01	2.159930e-10
3.646920e-01	2.176000e-10
3.648440e-01	2.205600e-10
3.649960e-01	2.235730e-10
3.651480e-01	2.246500e-10
3.653000e-01	2.223890e-10
3.654530e-01	2.183600e-10
3.656050e-01	2.147860e-10
3.657560e-01	2.134420e-10
3.659080e-01	2.151440e-10
3.660600e-01	2.198580e-10
3.662120e-01	2.271760e-10
3.663640e-01	2.345690e-10
3.665150e-01	2.394240e-10
3.666670e-01	2.393780e-10
3.668180e-01	2.286550e-10
3.669700e-01	2.258210e-10
3.671210e-01	2.239640e-10
3.672720e-01	2.242750e-10
3.674230e-01	2.248490e-10
3.675750e-01	2.240970e-10
3.677260e-01	2.202560e-10
3.678770e-01	2.135070e-10
3.680280e-01	2.058340e-10
3.681790e-01	2.535060e-10
3.683300e-01	2.506970e-10
3.684800e-01	2.505860e-10
3.686310e-01	2.527810e-10
3.687820e-01	2.563570e-10
3.689320e-01	2.579450e-10
3.690830e-01	2.563870e-10
3.692330e-01	2.523310e-10
3.693840e-01	2.475930e-10
3.695340e-01	2.283820e-10
3.696850e-01	2.333490e-10
3.698350e-01	2.372820e-10
3.699850e-01	2.386360e-10
3.701350e-01	2.362560e-10
3.702850e-01	2.303810e-10
3.704350e-01	2.223780e-10
3.705850e-01	2.143370e-10
3.707350e-01	2.078250e-10
3.708850e-01	2.036930e-10
3.710350e-01	2.021980e-10
3.711840e-01	2.030690e-10
3.713340e-01	2.053730e-10
3.714840e-01	2.074200e-10
3.716330e-01	2.076860e-10
3.717820e-01	2.058620e-10
3.719320e-01	2.031740e-10
3.720810e-01	2.011000e-10
3.722310e-01	2.007300e-10
3.723800e-01	2.023790e-10
3.725290e-01	2.053440e-10
3.726780e-01	2.081030e-10
3.728270e-01	2.087930e-10
3.729760e-01	2.065610e-10
3.731250e-01	2.025450e-10
3.732740e-01	1.991110e-10
3.734230e-01	1.974920e-10
3.735710e-01	1.982750e-10
3.737200e-01	2.017430e-10
3.738690e-01	2.078120e-10
3.740170e-01	2.158320e-10
3.741660e-01	2.243630e-10
3.743140e-01	2.310330e-10
3.744630e-01	2.342680e-10
3.746110e-01	2.354260e-10
3.747590e-01	2.364730e-10
3.749070e-01	2.382860e-10
3.750560e-01	2.497880e-10
3.752040e-01	2.538270e-10
3.753520e-01	2.547020e-10
3.755000e-01	2.508480e-10
3.756480e-01	2.432820e-10
3.757950e-01	2.352730e-10
3.759430e-01	2.296410e-10
3.760910e-01	2.278350e-10
3.762390e-01	2.299920e-10
3.763860e-01	2.357520e-10
3.765340e-01	2.433080e-10
3.766810e-01	2.349270e-10
3.768290e-01	2.330730e-10
3.769760e-01	2.210940e-10
3.771240e-01	2.201040e-10
3.772710e-01	2.202560e-10
3.774180e-01	2.232370e-10
3.775650e-01	2.276650e-10
3.777120e-01	2.323390e-10
3.778590e-01	2.352250e-10
3.780060e-01	2.347240e-10
3.781530e-01	2.313460e-10
3.783000e-01	2.268560e-10
3.784470e-01	2.230230e-10
3.785940e-01	2.329150e-10
3.787410e-01	2.314470e-10
3.788870e-01	2.318990e-10
3.790340e-01	2.330830e-10
3.791800e-01	2.322790e-10
3.793270e-01	2.389760e-10
3.794730e-01	2.328850e-10
3.796200e-01	2.249690e-10
3.797660e-01	2.183600e-10
3.799120e-01	2.146030e-10
3.800580e-01	2.136220e-10
3.802050e-01	2.068300e-10
3.803510e-01	2.093820e-10
3.804970e-01	2.099650e-10
3.806430e-01	2.082280e-10
3.807890e-01	2.049390e-10
3.809350e-01	2.016670e-10
3.810800e-01	1.997970e-10
3.812260e-01	1.996870e-10
3.813720e-01	2.093410e-10
3.815170e-01	2.128100e-10
3.816630e-01	2.152320e-10
3.818090e-01	2.148430e-10
3.819540e-01	2.553870e-10
3.820990e-01	2.501320e-10
3.822450e-01	2.462320e-10
3.823900e-01	2.459970e-10
3.825350e-01	2.498040e-10
3.826810e-01	2.562390e-10
3.828260e-01	2.163390e-10
3.829710e-01	2.234050e-10
3.831160e-01	2.282460e-10
3.832610e-01	2.293210e-10
3.834060e-01	2.199520e-10
3.835510e-01	2.202560e-10
3.836950e-01	2.216130e-10
3.838400e-01	2.337220e-10
3.839850e-01	2.382310e-10
3.841300e-01	2.403560e-10
3.842740e-01	2.385630e-10
3.844190e-01	2.327470e-10
3.845630e-01	2.250900e-10
3.847080e-01	2.178910e-10
3.848520e-01	2.126410e-10
3.849960e-01	2.097750e-10
3.851410e-01	2.087520e-10
3.852850e-01	2.084490e-10
3.854290e-01	2.074760e-10
3.855730e-01	2.044000e-10
3.857170e-01	1.951210e-10
3.858610e-01	1.931130e-10
3.860050e-01	1.914250e-10
3.861490e-01	1.913890e-10
3.862930e-01	1.933900e-10
3.864370e-01	1.978560e-10
3.865800e-01	2.049100e-10
3.867240e-01	2.143750e-10
3.868680e-01	2.260490e-10
3.870000e-01	2.929615e-10
3.880000e-01	2.410465e-10
3.890000e-01	2.387498e-10
3.900000e-01	3.607537e-10
3.910000e-01	3.271007e-10
3.920000e-01	2.630425e-10
3.930000e-01	2.618688e-10
3.940000e-01	2.458705e-10
3.950000e-01	2.560767e-10
3.960000e-01	2.685646e-10
3.970000e-01	2.567273e-10
3.980000e-01	2.682440e-10
3.990000e-01	2.406369e-10
4.000000e-01	2.095666e-10
4.010000e-01	1.979043e-10
4.020000e-01	1.755447e-10
4.030000e-01	1.773458e-10
4.040000e-01	2.145537e-10
4.050000e-01	2.128436e-10
4.060000e-01	2.405513e-10
4.070000e-01	2.557638e-10
4.080000e-01	2.424806e-10
4.090000e-01	2.366192e-10
4.100000e-01	2.371930e-10
4.110000e-01	2.130904e-10
4.120000e-01	2.172542e-10
4.130000e-01	2.565722e-10
4.140000e-01	2.967194e-10
4.150000e-01	2.484755e-10
4.160000e-01	2.211254e-10
4.170000e-01	2.337976e-10
4.180000e-01	2.349826e-10
4.190000e-01	2.220458e-10
4.200000e-01	2.315836e-10
4.210000e-01	2.139477e-10
4.220000e-01	2.135081e-10
4.230000e-01	2.242979e-10
4.240000e-01	1.843660e-10
4.250000e-01	1.776123e-10
4.260000e-01	1.937292e-10
4.270000e-01	2.287286e-10
4.280000e-01	2.257003e-10
4.290000e-01	2.175327e-10
4.300000e-01	2.432297e-10
4.310000e-01	2.475534e-10
4.320000e-01	2.043077e-10
4.330000e-01	2.461747e-10
4.340000e-01	2.395170e-10
4.350000e-01	2.173239e-10
4.360000e-01	2.278267e-10
4.370000e-01	2.256381e-10
4.380000e-01	2.439062e-10
4.390000e-01	2.223934e-10
4.400000e-01	2.133118e-10
4.410000e-01	2.018887e-10
4.420000e-01	2.123722e-10
4.430000e-01	2.225450e-10
4.440000e-01	2.409784e-10
4.450000e-01	2.405342e-10
4.460000e-01	2.364029e-10
4.470000e-01	2.424304e-10
4.480000e-01	2.408078e-10
4.490000e-01	2.342812e-10
4.500000e-01	2.151547e-10
4.510000e-01	2.007786e-10
4.520000e-01	1.969516e-10
4.530000e-01	2.106335e-10
4.540000e-01	2.337417e-10
4.550000e-01	2.609210e-10
4.560000e-01	2.306178e-10
4.570000e-01	2.350744e-10
4.580000e-01	2.280884e-10
4.590000e-01	2.199025e-10
4.600000e-01	2.418426e-10
4.610000e-01	2.451293e-10
4.620000e-01	2.202603e-10
4.630000e-01	2.292251e-10
4.640000e-01	2.192720e-10
4.650000e-01	2.330666e-10
4.660000e-01	2.138258e-10
4.670000e-01	2.108882e-10
4.680000e-01	2.271788e-10
4.690000e-01	2.456134e-10
4.700000e-01	2.337230e-10
4.710000e-01	2.228472e-10
4.720000e-01	2.324617e-10
4.730000e-01	2.342256e-10
4.740000e-01	2.174864e-10
4.750000e-01	2.077426e-10
4.760000e-01	2.356595e-10
4.770000e-01	2.579862e-10
4.780000e-01	2.380106e-10
4.790000e-01	2.166472e-10
4.800000e-01	2.125214e-10
4.810000e-01	2.217621e-10
4.820000e-01	2.093201e-10
4.830000e-01	2.036898e-10
4.840000e-01	2.190455e-10
4.850000e-01	2.158218e-10
4.860000e-01	2.284092e-10
4.870000e-01	2.218495e-10
4.880000e-01	2.192946e-10
4.890000e-01	2.134346e-10
4.900000e-01	2.225017e-10
4.910000e-01	2.347802e-10
4.920000e-01	2.505778e-10
4.930000e-01	2.222415e-10
4.940000e-01	2.356960e-10
4.950000e-01	2.210592e-10
4.960000e-01	2.086934e-10
4.970000e-01	1.957469e-10
4.980000e-01	1.860825e-10
4.990000e-01	1.927046e-10
5.000000e-01	1.982571e-10
5.010000e-01	2.062643e-10
5.020000e-01	2.017437e-10
5.030000e-01	2.062643e-10
5.040000e-01	2.176484e-10
5.050000e-01	1.781419e-10
5.060000e-01	1.895985e-10
5.070000e-01	2.379752e-10
5.080000e-01	2.449348e-10
5.090000e-01	2.143845e-10
5.100000e-01	2.307731e-10
5.110000e-01	2.523174e-10
5.120000e-01	2.470015e-10
5.130000e-01	2.314684e-10
5.140000e-01	2.105569e-10
5.150000e-01	2.373893e-10
5.160000e-01	2.312566e-10
5.170000e-01	2.031374e-10
5.180000e-01	1.968032e-10
5.190000e-01	2.249710e-10
5.200000e-01	1.994397e-10
5.210000e-01	1.809932e-10
5.220000e-01	1.874005e-10
5.230000e-01	2.058556e-10
5.240000e-01	2.059375e-10
5.250000e-01	1.952123e-10
5.260000e-01	1.989117e-10
5.270000e-01	2.114452e-10
5.280000e-01	2.415217e-10
5.290000e-01	2.631473e-10
5.300000e-01	2.579445e-10
5.310000e-01	2.199473e-10
5.320000e-01	2.169046e-10
5.330000e-01	2.047535e-10
5.340000e-01	2.036616e-10
5.350000e-01	2.161531e-10
5.360000e-01	2.486152e-10
5.370000e-01	2.277864e-10
5.380000e-01	2.337417e-10
5.390000e-01	2.613762e-10
5.400000e-01	2.109390e-10
5.410000e-01	2.184304e-10
5.420000e-01	2.331419e-10
5.430000e-01	2.440539e-10
5.440000e-01	2.257418e-10
5.450000e-01	2.086409e-10
5.460000e-01	2.482888e-10
5.470000e-01	2.272194e-10
5.480000e-01	2.291261e-10
5.490000e-01	2.616827e-10
5.500000e-01	2.460947e-10
5.510000e-01	2.438568e-10
5.520000e-01	2.672128e-10
5.530000e-01	2.589252e-10
5.540000e-01	2.576105e-10
5.550000e-01	2.234907e-10
5.560000e-01	2.115208e-10
5.570000e-01	2.120979e-10
5.580000e-01	2.205943e-10
5.590000e-01	1.965604e-10
5.600000e-01	1.979197e-10
5.610000e-01	2.152743e-10
5.620000e-01	1.997246e-10
5.630000e-01	2.028667e-10
5.640000e-01	2.290070e-10
5.650000e-01	2.021273e-10
5.660000e-01	2.193624e-10
5.670000e-01	2.234693e-10
5.680000e-01	2.381519e-10
5.690000e-01	2.488786e-10
5.700000e-01	2.900354e-10
5.710000e-01	3.101614e-10
5.720000e-01	2.967194e-10
5.730000e-01	2.819334e-10
5.740000e-01	2.685892e-10
5.750000e-01	2.430638e-10
5.760000e-01	2.166003e-10
5.770000e-01	2.005130e-10
5.780000e-01	2.083779e-10
5.790000e-01	2.009257e-10
5.800000e-01	2.092421e-10
5.810000e-01	2.170680e-10
5.820000e-01	2.053068e-10
5.830000e-01	2.289077e-10
5.840000e-01	2.127446e-10
5.850000e-01	2.243190e-10
5.860000e-01	2.533354e-10
5.870000e-01	2.227610e-10
5.880000e-01	1.949393e-10
5.890000e-01	1.916972e-10
5.900000e-01	1.930866e-10
5.910000e-01	1.998293e-10
5.920000e-01	2.134836e-10
5.930000e-01	2.222198e-10
5.940000e-01	2.064542e-10
5.950000e-01	2.054169e-10
5.960000e-01	2.274021e-10
5.970000e-01	2.533793e-10
5.980000e-01	2.302280e-10
5.990000e-01	1.963560e-10
6.000000e-01	1.939829e-10
6.010000e-01	2.088506e-10
6.020000e-01	2.252010e-10
6.030000e-01	2.644331e-10
6.040000e-01	2.464141e-10
6.050000e-01	2.144329e-10
6.060000e-01	2.058282e-10
6.070000e-01	2.117723e-10
6.080000e-01	2.300520e-10
6.090000e-01	2.111672e-10
6.100000e-01	2.218495e-10
6.110000e-01	2.592953e-10
6.120000e-01	2.385920e-10
6.130000e-01	2.139963e-10
6.140000e-01	2.145537e-10
6.150000e-01	2.350561e-10
6.160000e-01	2.552779e-10
6.170000e-01	2.324047e-10
6.180000e-01	2.382225e-10
6.190000e-01	2.516169e-10
6.200000e-01	2.812714e-10
6.210000e-01	2.918937e-10
6.220000e-01	3.364477e-10
6.230000e-01	3.586017e-10
6.240000e-01	2.998457e-10
6.250000e-01	2.424304e-10
6.260000e-01	2.567132e-10
6.270000e-01	2.427477e-10
6.280000e-01	2.721596e-10
6.290000e-01	2.147466e-10
6.300000e-01	2.089552e-10
6.310000e-01	2.141422e-10
6.320000e-01	2.235334e-10
6.330000e-01	1.961904e-10
6.340000e-01	1.973018e-10
6.350000e-01	1.973483e-10
6.360000e-01	2.163182e-10
6.370000e-01	2.199697e-10
6.380000e-01	1.951000e-10
6.390000e-01	1.843470e-10
6.400000e-01	2.055817e-10
6.410000e-01	2.229333e-10
6.420000e-01	1.960640e-10
6.430000e-01	2.111166e-10
6.440000e-01	2.203718e-10
6.450000e-01	2.332359e-10
6.460000e-01	2.255342e-10
6.470000e-01	2.186132e-10
6.480000e-01	2.403112e-10
6.490000e-01	2.270567e-10
6.500000e-01	2.592406e-10
6.510000e-01	2.882204e-10
6.520000e-01	2.823897e-10
6.530000e-01	3.202100e-10
6.540000e-01	2.908915e-10
6.550000e-01	2.596229e-10
6.560000e-01	3.254810e-10
6.570000e-01	2.652034e-10
6.580000e-01	2.507443e-10
6.590000e-01	2.705607e-10
6.600000e-01	2.627933e-10
6.610000e-01	2.815603e-10
6.620000e-01	2.719464e-10
6.630000e-01	2.280683e-10
6.640000e-01	2.390122e-10
6.650000e-01	2.263610e-10
6.660000e-01	2.291657e-10
6.670000e-01	2.466686e-10
6.680000e-01	2.705367e-10
6.690000e-01	2.609613e-10
6.700000e-01	3.056866e-10
6.710000e-01	2.573171e-10
6.720000e-01	2.661443e-10
6.730000e-01	2.618157e-10
6.740000e-01	2.680585e-10
6.750000e-01	2.583879e-10
6.760000e-01	2.832015e-10
6.770000e-01	3.028771e-10
6.780000e-01	2.759245e-10
6.790000e-01	2.397076e-10
6.800000e-01	2.587603e-10
6.810000e-01	2.626486e-10
6.820000e-01	2.698477e-10
6.830000e-01	2.614963e-10
6.840000e-01	3.017032e-10
6.850000e-01	2.682687e-10
6.860000e-01	3.229627e-10
6.870000e-01	2.912493e-10
6.880000e-01	2.992780e-10
6.890000e-01	2.834845e-10
6.900000e-01	2.781558e-10
6.910000e-01	2.786309e-10
6.920000e-01	3.209625e-10
6.930000e-01	2.855343e-10
6.940000e-01	2.902696e-10
6.950000e-01	2.841623e-10
6.960000e-01	2.847217e-10
6.970000e-01	2.737191e-10
6.980000e-01	2.869271e-10
6.990000e-01	2.775779e-10
7.000000e-01	2.605174e-10
7.010000e-01	2.986356e-10
7.020000e-01	2.822838e-10
7.030000e-01	2.346142e-10
7.040000e-01	2.704885e-10
7.050000e-01	2.804212e-10
7.060000e-01	2.380636e-10
7.070000e-01	2.510161e-10
7.080000e-01	2.765578e-10
7.090000e-01	2.928856e-10
7.100000e-01	2.624774e-10
7.110000e-01	3.127497e-10
7.120000e-01	2.973018e-10
7.130000e-01	3.003045e-10
7.140000e-01	3.037316e-10
7.150000e-01	2.912107e-10
7.160000e-01	2.690800e-10
7.170000e-01	2.671878e-10
7.180000e-01	2.487393e-10
7.190000e-01	2.687367e-10
7.200000e-01	2.973381e-10
7.210000e-01	3.063854e-10
7.220000e-01	3.080626e-10
7.230000e-01	3.338126e-10
7.240000e-01	3.550117e-10
7.250000e-01	2.875809e-10
7.260000e-01	2.691656e-10
7.270000e-01	2.888556e-10
7.280000e-01	2.782111e-10
7.290000e-01	3.263351e-10
7.300000e-01	2.740209e-10
7.310000e-01	2.904644e-10
7.320000e-01	3.030828e-10
7.330000e-01	3.022228e-10
7.340000e-01	2.734046e-10
7.350000e-01	2.829176e-10
7.360000e-01	2.975555e-10
7.370000e-01	3.082256e-10
7.380000e-01	2.833274e-10
7.390000e-01	2.660177e-10
7.400000e-01	2.821565e-10
7.410000e-01	2.863602e-10
7.420000e-01	2.779117e-10
7.430000e-01	2.755264e-10
7.440000e-01	2.899181e-10
7.450000e-01	3.172649e-10
7.460000e-01	2.879411e-10
7.470000e-01	2.933023e-10
7.480000e-01	3.265270e-10
7.490000e-01	3.287236e-10
7.500000e-01	3.516170e-10
7.510000e-01	3.719427e-10
7.520000e-01	3.568937e-10
7.530000e-01	3.853926e-10
7.540000e-01	3.390467e-10
7.550000e-01	3.367228e-10
7.560000e-01	3.812442e-10
7.570000e-01	3.528391e-10
7.580000e-01	3.281313e-10
7.590000e-01	2.754922e-10
7.600000e-01	2.863704e-10
7.610000e-01	2.479610e-10
7.620000e-01	2.898789e-10
7.630000e-01	2.764676e-10
7.640000e-01	3.114952e-10
7.650000e-01	2.674125e-10
7.660000e-01	2.811857e-10
7.670000e-01	3.064848e-10
7.680000e-01	3.197150e-10
7.690000e-01	2.848146e-10
7.700000e-01	2.688227e-10
7.710000e-01	2.649089e-10
7.720000e-01	2.702714e-10
7.730000e-01	2.544136e-10
7.740000e-01	3.011112e-10
7.750000e-01	3.381870e-10
7.760000e-01	2.859226e-10
7.770000e-01	2.810676e-10
7.780000e-01	2.739861e-10
7.790000e-01	2.733230e-10
7.800000e-01	2.703559e-10
7.810000e-01	2.493413e-10
7.820000e-01	2.426977e-10
7.830000e-01	2.681946e-10
7.840000e-01	2.358051e-10
7.850000e-01	2.576523e-10
7.860000e-01	2.255134e-10
7.870000e-01	2.480079e-10
7.880000e-01	2.757768e-10
7.890000e-01	2.795412e-10
7.900000e-01	2.667618e-10
7.910000e-01	3.018421e-10
7.920000e-01	3.068485e-10
7.930000e-01	2.929615e-10
7.940000e-01	2.726549e-10
7.950000e-01	2.772205e-10
7.960000e-01	2.503654e-10
7.970000e-01	2.687490e-10
7.980000e-01	2.773323e-10
7.990000e-01	2.779672e-10
8.000000e-01	2.675247e-10
8.010000e-01	2.738237e-10
8.020000e-01	2.697141e-10
8.030000e-01	3.028427e-10
8.040000e-01	2.826857e-10
8.050000e-01	2.998103e-10
8.060000e-01	2.811106e-10
8.070000e-01	3.080300e-10
8.080000e-01	2.853395e-10
8.090000e-01	2.478045e-10
8.100000e-01	2.952483e-10
8.110000e-01	2.690678e-10
8.120000e-01	2.802047e-10
8.130000e-01	2.997395e-10
8.140000e-01	2.675620e-10
8.150000e-01	2.519157e-10
8.160000e-01	2.843699e-10
8.170000e-01	2.891322e-10
8.180000e-01	2.537450e-10
8.190000e-01	2.940928e-10
8.200000e-01	2.971928e-10
8.210000e-01	2.857286e-10
8.220000e-01	2.668246e-10
8.230000e-01	2.779672e-10
8.240000e-01	2.600984e-10
8.250000e-01	2.761172e-10
8.260000e-01	3.138969e-10
8.270000e-01	2.953594e-10
8.280000e-01	2.468749e-10
8.290000e-01	2.591858e-10
8.300000e-01	3.087778e-10
8.310000e-01	3.023264e-10
8.320000e-01	3.367228e-10
8.330000e-01	3.004804e-10
8.340000e-01	3.302963e-10
8.350000e-01	2.754465e-10
8.360000e-01	2.950999e-10
8.370000e-01	3.132473e-10
8.380000e-01	3.147873e-10
8.390000e-01	2.789720e-10
8.400000e-01	3.570404e-10
8.410000e-01	3.109574e-10
8.420000e-01	2.826857e-10
8.430000e-01	3.101933e-10
8.440000e-01	2.798355e-10
8.450000e-01	3.183641e-10
8.460000e-01	3.146649e-10
8.470000e-01	2.701747e-10
8.480000e-01	2.763095e-10
8.490000e-01	3.264448e-10
8.500000e-01	3.028771e-10
8.510000e-01	3.062526e-10
8.520000e-01	3.278611e-10
8.530000e-01	3.125937e-10
8.540000e-01	3.066503e-10
8.550000e-01	3.075066e-10
8.560000e-01	2.950628e-10
8.570000e-01	3.189536e-10
8.580000e-01	3.175929e-10
8.590000e-01	2.943549e-10
8.600000e-01	3.375441e-10
8.610000e-01	3.047138e-10
8.620000e-01	3.054192e-10
8.630000e-01	3.107987e-10
8.640000e-01	3.367478e-10
8.650000e-01	2.963903e-10
8.660000e-01	2.684784e-10
8.670000e-01	3.058534e-10
8.680000e-01	3.322376e-10
8.690000e-01	3.020153e-10
8.700000e-01	2.578055e-10
8.710000e-01	2.854830e-10
8.720000e-01	2.825801e-10
8.730000e-01	2.754351e-10
8.740000e-01	2.719820e-10
8.750000e-01	3.253703e-10
8.760000e-01	2.978808e-10
8.770000e-01	3.474408e-10
8.780000e-01	3.276172e-10
8.790000e-01	3.003749e-10
8.800000e-01	3.596722e-10
8.810000e-01	3.606317e-10
8.820000e-01	3.554585e-10
8.830000e-01	3.512655e-10
8.840000e-01	3.411798e-10
8.850000e-01	2.990287e-10
8.860000e-01	3.252873e-10
8.870000e-01	3.167260e-10
8.880000e-01	3.087778e-10
8.890000e-01	2.930752e-10
8.900000e-01	3.172350e-10
8.910000e-01	3.391201e-10
8.920000e-01	3.172948e-10
8.930000e-01	2.604905e-10
8.940000e-01	3.019460e-10
8.950000e-01	2.907364e-10
8.960000e-01	2.950257e-10
8.970000e-01	3.011112e-10
8.980000e-01	3.109574e-10
8.990000e-01	3.549691e-10
9.000000e-01	3.710312e-10
9.010000e-01	4.298298e-10
9.020000e-01	4.110811e-10
9.030000e-01	4.364026e-10
9.040000e-01	3.226509e-10
9.050000e-01	3.524259e-10
9.060000e-01	2.896437e-10
9.070000e-01	3.209048e-10
9.080000e-01	3.271007e-10
9.090000e-01	3.125937e-10
9.100000e-01	2.945790e-10
9.110000e-01	3.397297e-10
9.120000e-01	3.477587e-10
9.130000e-01	3.510232e-10
9.140000e-01	3.646904e-10
9.150000e-01	3.207026e-10
9.160000e-01	3.025677e-10
9.170000e-01	3.164555e-10
9.180000e-01	3.186298e-10
9.190000e-01	3.173843e-10
9.200000e-01	3.357191e-10
9.210000e-01	2.997749e-10
9.220000e-01	3.314285e-10
9.230000e-01	3.128120e-10
9.240000e-01	3.283740e-10
9.250000e-01	3.018074e-10
9.260000e-01	2.890927e-10
9.270000e-01	3.091335e-10
9.280000e-01	3.697173e-10
9.290000e-01	3.569985e-10
9.300000e-01	3.416351e-10
9.310000e-01	3.307980e-10
9.320000e-01	3.430848e-10
9.330000e-01	3.553735e-10
9.340000e-01	3.235556e-10
9.350000e-01	3.205579e-10
9.360000e-01	2.748169e-10
9.370000e-01	2.649602e-10
9.380000e-01	3.403120e-10
9.390000e-01	4.092707e-10
9.400000e-01	3.619462e-10
9.410000e-01	3.327047e-10
9.420000e-01	3.485046e-10
9.430000e-01	3.169659e-10
9.440000e-01	2.681822e-10
9.450000e-01	3.572289e-10
9.460000e-01	3.088749e-10
9.470000e-01	3.156702e-10
9.480000e-01	2.933401e-10
9.490000e-01	2.812286e-10
9.500000e-01	2.622662e-10
9.510000e-01	2.672628e-10
9.520000e-01	3.055864e-10
9.530000e-01	2.839438e-10
9.540000e-01	3.143584e-10
9.550000e-01	2.971202e-10
9.560000e-01	3.006560e-10
9.570000e-01	3.320554e-10
9.580000e-01	2.872998e-10
9.590000e-01	3.009713e-10
9.600000e-01	3.256745e-10
9.610000e-01	3.593644e-10
9.620000e-01	3.162748e-10
9.630000e-01	3.048485e-10
9.640000e-01	3.120616e-10
9.650000e-01	3.186887e-10
9.660000e-01	3.323156e-10
9.670000e-01	3.096166e-10
9.680000e-01	2.804212e-10
9.690000e-01	3.328858e-10
9.700000e-01	3.389977e-10
9.710000e-01	3.119988e-10
9.720000e-01	2.826013e-10
9.730000e-01	2.987787e-10
9.740000e-01	3.076704e-10
9.750000e-01	3.328599e-10
9.760000e-01	2.821353e-10
9.770000e-01	2.848146e-10
9.780000e-01	3.274544e-10
9.790000e-01	2.626223e-10
9.800000e-01	3.191884e-10
9.810000e-01	3.409634e-10
9.820000e-01	3.156702e-10
9.830000e-01	3.219958e-10
9.840000e-01	2.751494e-10
9.850000e-01	3.336844e-10
9.860000e-01	2.828123e-10
9.870000e-01	3.567467e-10
9.880000e-01	3.156399e-10
9.890000e-01	3.024299e-10
9.900000e-01	3.093914e-10
9.910000e-01	2.867352e-10
9.920000e-01	2.748399e-10
9.930000e-01	2.985998e-10
9.940000e-01	3.093592e-10
9.950000e-01	2.989930e-10
9.960000e-01	3.358954e-10
9.970000e-01	2.913168e-10
9.980000e-01	2.981690e-10
9.990000e-01	3.368476e-10
1.000000e+00	3.162447e-10
1.001000e+00	3.265270e-10
1.002000e+00	3.618456e-10
1.003000e+00	3.744200e-10
1.004000e+00	3.966365e-10
1.005000e+00	3.529042e-10
1.006000e+00	3.723498e-10
1.007000e+00	3.968809e-10
1.008000e+00	3.556282e-10
1.009000e+00	3.767420e-10
1.010000e+00	3.625080e-10
1.011000e+00	3.742017e-10
1.012000e+00	3.692256e-10
1.013000e+00	3.501823e-10
1.014000e+00	3.254257e-10
1.015000e+00	3.314809e-10
1.016000e+00	3.255363e-10
1.017000e+00	3.409875e-10
1.018000e+00	3.860738e-10
1.019000e+00	3.636636e-10
1.020000e+00	4.002696e-10
1.021000e+00	3.488196e-10
1.022000e+00	3.642768e-10
1.023000e+00	3.993145e-10
1.024000e+00	3.707508e-10
1.025000e+00	3.204131e-10
1.026000e+00	4.291557e-10
1.027000e+00	4.600648e-10
1.028000e+00	3.614625e-10
1.029000e+00	3.404571e-10
1.030000e+00	3.671622e-10
1.031000e+00	3.568727e-10
1.032000e+00	3.334788e-10
1.033000e+00	4.012180e-10
1.034000e+00	4.245950e-10
1.035000e+00	4.392659e-10
1.036000e+00	4.066725e-10
1.037000e+00	3.575214e-10
1.038000e+00	3.405537e-10
1.039000e+00	3.487297e-10
1.040000e+00	3.318468e-10
1.041000e+00	4.076051e-10
1.042000e+00	3.998377e-10
1.043000e+00	4.393109e-10
1.044000e+00	4.206021e-10
1.045000e+00	4.335754e-10
1.046000e+00	4.336222e-10
1.047000e+00	4.167558e-10
1.048000e+00	3.921281e-10
1.049000e+00	3.098733e-10
1.050000e+00	3.859578e-10
1.051000e+00	3.393155e-10
1.052000e+00	3.236400e-10
1.053000e+00	3.115583e-10
1.054000e+00	4.097290e-10
1.055000e+00	3.669308e-10
1.056000e+00	3.994791e-10
1.057000e+00	5.125222e-10
1.058000e+00	3.735082e-10
1.059000e+00	4.094515e-10
1.060000e+00	3.613211e-10
1.061000e+00	4.076192e-10
1.062000e+00	3.778783e-10
1.063000e+00	3.817423e-10
1.064000e+00	3.541561e-10
1.065000e+00	3.646510e-10
1.066000e+00	4.411885e-10
1.067000e+00	4.541133e-10
1.068000e+00	4.127458e-10
1.069000e+00	3.752168e-10
1.070000e+00	3.413957e-10
1.071000e+00	4.462964e-10
1.072000e+00	4.199855e-10
1.073000e+00	3.041392e-10
1.074000e+00	3.793543e-10
1.075000e+00	4.263778e-10
1.076000e+00	3.475545e-10
1.077000e+00	3.347318e-10
1.078000e+00	4.064738e-10
1.079000e+00	3.666989e-10
1.080000e+00	3.847411e-10
1.081000e+00	3.554585e-10
1.082000e+00	3.385562e-10
1.083000e+00	3.372958e-10
1.084000e+00	3.719242e-10
1.085000e+00	3.864214e-10
1.086000e+00	3.524477e-10
1.087000e+00	4.018514e-10
1.088000e+00	3.649457e-10
1.089000e+00	4.015425e-10
1.090000e+00	3.508246e-10
1.091000e+00	4.509853e-10
1.092000e+00	3.846909e-10
1.093000e+00	3.427063e-10
1.094000e+00	3.261153e-10
1.095000e+00	4.162278e-10
1.096000e+00	4.504854e-10
1.097000e+00	4.359429e-10
1.098000e+00	3.702445e-10
1.099000e+00	3.867845e-10
1.100000e+00	4.843917e-10
1.101000e+00	4.487226e-10
1.102000e+00	4.101720e-10
1.103000e+00	4.399842e-10
1.104000e+00	5.189731e-10
1.105000e+00	4.221825e-10
1.106000e+00	4.411441e-10
1.107000e+00	3.876714e-10
1.108000e+00	3.526436e-10
1.109000e+00	4.499420e-10
1.110000e+00	3.841705e-10
1.111000e+00	3.668149e-10
1.112000e+00	3.910959e-10
1.113000e+00	3.970790e-10
1.114000e+00	3.776837e-10
1.115000e+00	3.357443e-10
1.116000e+00	3.777368e-10
1.117000e+00	3.652592e-10
1.118000e+00	3.338126e-10
1.119000e+00	3.885198e-10
1.120000e+00	4.309304e-10
1.121000e+00	4.061041e-10
1.122000e+00	4.601823e-10
1.123000e+00	4.027303e-10
1.124000e+00	4.290591e-10
1.125000e+00	3.507583e-10
1.126000e+00	4.038354e-10
1.127000e+00	4.250925e-10
1.128000e+00	3.208759e-10
1.129000e+00	3.407467e-10
1.130000e+00	4.067009e-10
1.131000e+00	4.457375e-10
1.132000e+00	3.884873e-10
1.133000e+00	4.128542e-10
1.134000e+00	4.610411e-10
1.135000e+00	5.059948e-10
1.136000e+00	3.508908e-10
1.137000e+00	3.366728e-10
1.138000e+00	3.640002e-10
1.139000e+00	4.314538e-10
1.140000e+00	3.802421e-10
1.141000e+00	3.935908e-10
1.142000e+00	3.475318e-10
1.143000e+00	4.230920e-10
1.144000e+00	4.460816e-10
1.145000e+00	4.100199e-10
1.146000e+00	4.442656e-10
1.147000e+00	4.516078e-10
1.148000e+00	4.558146e-10
1.149000e+00	3.823239e-10
1.150000e+00	3.795463e-10
1.151000e+00	3.976718e-10
1.152000e+00	3.989996e-10
1.153000e+00	3.529693e-10
1.154000e+00	3.349604e-10
1.155000e+00	3.814849e-10
1.156000e+00	4.375000e-10
1.157000e+00	3.666215e-10
1.158000e+00	3.966060e-10
1.159000e+00	4.423830e-10
1.160000e+00	4.251422e-10
1.161000e+00	3.911597e-10
1.162000e+00	3.368476e-10
1.163000e+00	4.145781e-10
1.164000e+00	3.882919e-10
1.165000e+00	3.567467e-10
1.166000e+00	3.668728e-10
1.167000e+00	4.479182e-10
1.168000e+00	4.512761e-10
1.169000e+00	4.060187e-10
1.170000e+00	4.361269e-10
1.171000e+00	6.320667e-10
1.172000e+00	1.057629e-09
1.173000e+00	1.234073e-09
1.174000e+00	1.451312e-09
1.175000e+00	1.591475e-09
1.176000e+00	1.687715e-09
1.177000e+00	1.797586e-09
1.178000e+00	1.873953e-09
1.179000e+00	1.965165e-09
1.180000e+00	2.061441e-09
1.181000e+00	2.127331e-09
1.182000e+00	2.189008e-09
1.183000e+00	2.268378e-09
1.184000e+00	2.329067e-09
1.185000e+00	2.401872e-09
1.186000e+00	2.460577e-09
1.187000e+00	2.484608e-09
1.188000e+00	2.566546e-09
1.189000e+00	2.617895e-09
1.190000e+00	2.658732e-09
1.191000e+00	2.703521e-09
1.192000e+00	2.798255e-09
1.193000e+00	2.838558e-09
1.194000e+00	2.862006e-09
1.195000e+00	2.885379e-09
1.196000e+00	2.932817e-09
1.197000e+00	3.005914e-09
1.198000e+00	3.052154e-09
1.199000e+00	3.106857e-09
1.200000e+00	3.164499e-09
1.201000e+00	3.204534e-09
1.202000e+00	3.202871e-09
1.203000e+00	3.265899e-09
1.204000e+00	3.274388e-09
1.205000e+00	3.307810e-09
1.206000e+00	3.417011e-09
1.207000e+00	3.380598e-09
1.208000e+00	3.452010e-09
1.209000e+00	3.462973e-09
1.210000e+00	3.488280e-09
1.211000e+00	3.549941e-09
1.212000e+00	3.461468e-09
1.213000e+00	3.620789e-09
1.214000e+00	3.565210e-09
1.215000e+00	3.600541e-09
1.216000e+00	3.778398e-09
1.217000e+00	3.791653e-09
1.218000e+00	3.720600e-09
1.219000e+00	3.651662e-09
1.220000e+00	3.769386e-09
1.221000e+00	3.717259e-09
1.222000e+00	3.860552e-09
1.223000e+00	3.905650e-09
1.224000e+00	3.987490e-09
1.225000e+00	3.950758e-09
1.226000e+00	4.018186e-09
1.227000e+00	4.024673e-09
1.228000e+00	4.023954e-09
1.229000e+00	4.032559e-09
1.230000e+00	4.037791e-09
1.231000e+00	4.080312e-09
1.232000e+00	4.043948e-09
1.233000e+00	4.203641e-09
1.234000e+00	4.213702e-09
1.235000e+00	4.176239e-09
1.236000e+00	4.140825e-09
1.237000e+00	4.231961e-09
1.238000e+00	4.201114e-09
1.239000e+00	4.299001e-09
1.240000e+00	4.346013e-09
1.241000e+00	4.187775e-09
1.242000e+00	4.346584e-09
1.243000e+00	4.409151e-09
1.244000e+00	4.304693e-09
1.245000e+00	4.457918e-09
1.246000e+00	4.403123e-09
1.247000e+00	4.439461e-09
1.248000e+00	4.516202e-09
1.249000e+00	4.544434e-09
1.250000e+00	4.581114e-09
1.310720e+00	7.661680e-09
1.853640e+00	1.113440e-08
2.621440e+00	1.405720e-08
3.707280e+00	2.215300e-08
5.242880e+00	2.927340e-08
7.414550e+00	4.061120e-08
7.414550e+01	4.061120e-07
7.414550e+02	4.061120e-06
7.414550e+02	1.000000e+00
