# Cylindrical 8 cell cavity haloscope
# July 2025
# https://arxiv.org/pdf/2507.04344
# mass [eV]; photon coupling [GeV-1]
2.410911e-5; 1
2.410987e-5; 2.165635e-14
2.411095e-5; 1.385131e-14
2.411095e-5; 1.291740e-14
2.411288e-5; 1.157082e-14
2.411509e-5; 1.116541e-14
2.411734e-5; 1.155531e-14
2.412049e-5; 1.168610e-14
2.412142e-5; 1.092167e-14
2.412475e-5; 1.151924e-14
2.412692e-5; 1.119436e-14
2.412980e-5; 1.147381e-14
2.413340e-5; 1.142314e-14
2.413758e-5; 1.128848e-14
2.414124e-5; 1.186765e-14
2.414155e-5; 1.101115e-14
2.414497e-5; 1.112495e-14
2.414904e-5; 1.117554e-14
2.415211e-5; 1.135197e-14
2.415355e-5; 1.272193e-14
2.415365e-5; 1.102785e-14
2.415600e-5; 1.127400e-14
2.415751e-5; 1.091684e-14
2.416038e-5; 1.113283e-14
2.416224e-5; 1.078894e-14
2.416572e-5; 1.085989e-14
2.416918e-5; 1.079278e-14
2.417100e-5; 1.200279e-14
2.417112e-5; 1.324318e-14
2.417135e-5; 1.422777e-14
2.417232e-5; 1.060216e-14
2.417403e-5; 1.099745e-14
2.417755e-5; 1.143906e-14
2.417905e-5; 1.180973e-14
2.418163e-5; 1.086496e-14
2.418584e-5; 1.114658e-14
2.418948e-5; 1.105391e-14
2.419153e-5; 1.298255e-14
2.419353e-5; 1.151808e-14
2.419392e-5; 1.065696e-14
2.419419e-5; 9.833312e-15
2.419761e-5; 1.122875e-14
2.420009e-5; 1.162262e-14
2.420329e-5; 1.107750e-14
2.420532e-5; 1.185627e-14
2.420782e-5; 1.106795e-14
2.421130e-5; 1.155779e-14
2.421204e-5; 1.084620e-14
2.421577e-5; 1.127933e-14
2.421966e-5; 1.142086e-14
2.422378e-5; 1.128592e-14
2.422614e-5; 1.224411e-14
2.422746e-5; 1.104233e-14
2.423171e-5; 1.122604e-14
2.423331e-5; 1.149698e-14
2.423572e-5; 1.098007e-14
2.423861e-5; 1.120160e-14
2.424123e-5; 9.550966e-15
2.424176e-5; 1.027302e-14
2.424550e-5; 1.095787e-14
2.424957e-5; 1.108918e-14
2.425333e-5; 1.138694e-14
2.425540e-5; 1.103268e-14
2.425851e-5; 1.128848e-14
2.425935e-5; 1.075275e-14
2.426318e-5; 1.138813e-14
2.426542e-5; 1.183869e-14
2.426738e-5; 1.111473e-14
2.426909e-5; 1.341693e-14
2.426996e-5; 1.192074e-14
2.427149e-5; 1.125952e-14
2.427412e-5; 1.139707e-14
2.427520e-5; 1.060581e-14
2.427797e-5; 9.158446e-15
2.428184e-5; 8.909568e-15
2.428507e-5; 1.028941e-14
2.428572e-5; 9.461263e-15
2.428968e-5; 9.262697e-15
2.429358e-5; 9.167923e-15
2.429749e-5; 9.304160e-15
2.430139e-5; 9.215059e-15
2.430417e-5; 9.365752e-15
2.430577e-5; 1.049212e-14
2.430645e-5; 1.208978e-14
2.430778e-5; 1.133587e-14
2.430897e-5; 1.150567e-14
2.431062e-5; 1.061954e-14
2.431346e-5; 9.416892e-15
2.431684e-5; 1.250474e-14
2.431713e-5; 1.108577e-14
2.431746e-5; 9.575155e-15
2.431820e-5; 1.034733e-14
2.432039e-5; 9.502702e-15
2.432145e-5; 1.061519e-14
2.432186e-5; 1.173734e-14
2.432198e-5; 1.306943e-14
2.432222e-5; 1.383683e-14
2.432315e-5; 1.859133e-14
2.432391e-5; 1
2.436224e-5; 1
2.436298e-5; 1.819509e-14
2.436328e-5; 1.567570e-14
2.436340e-5; 1.692092e-14
2.436405e-5; 1.417709e-14
2.436440e-5; 1.275451e-14
2.436678e-5; 1.139852e-14
2.436955e-5; 1.104957e-14
2.437051e-5; 1.238976e-14
2.437286e-5; 1.204864e-14
2.437377e-5; 1.319492e-14
2.437609e-5; 1.247919e-14
2.437887e-5; 1.342779e-14
2.438052e-5; 1.283052e-14
2.438335e-5; 1.267849e-14
2.438422e-5; 1.185317e-14
2.438790e-5; 1.200393e-14
2.439023e-5; 1.174458e-14
2.439124e-5; 1.309115e-14
2.439303e-5; 1.229913e-14
2.439596e-5; 1.210511e-14
2.439635e-5; 1.283487e-14
2.440011e-5; 1.208484e-14
2.440025e-5; 1.288265e-14
2.440368e-5; 1.261166e-14
2.440545e-5; 1.355035e-14
2.440744e-5; 1.380787e-14
2.440897e-5; 1.294678e-14
2.441149e-5; 1.382649e-14
2.441300e-5; 1.303468e-14
2.441451e-5; 1.531417e-14
2.441556e-5; 1.278708e-14
2.441752e-5; 1.343322e-14
2.441929e-5; 1.436171e-14
2.442089e-5; 1.319974e-14
2.442312e-5; 1.238627e-14
2.442515e-5; 1.302909e-14
2.442711e-5; 1.228134e-14
2.442914e-5; 1.294934e-14
2.443187e-5; 1.360309e-14
2.443298e-5; 1.260519e-14
2.443632e-5; 1.320843e-14
2.443667e-5; 1.239614e-14
2.444043e-5; 1.266706e-14
2.444133e-5; 1.463063e-14
2.444269e-5; 1.441176e-14
2.444445e-5; 1.277984e-14
2.444535e-5; 1.394737e-14
2.444649e-5; 1.301858e-14
2.444787e-5; 1.410208e-14
2.444871e-5; 1.207036e-14
2.444963e-5; 1.338218e-14
2.445266e-5; 1.258618e-14
2.445528e-5; 1.310046e-14
2.445869e-5; 1.283435e-14
2.445948e-5; 1.222239e-14
2.446225e-5; 1.389104e-14
2.446315e-5; 1.226312e-14
2.446629e-5; 1.337123e-14
2.446883e-5; 1.442328e-14
2.447113e-5; 1.350381e-14
2.447206e-5; 1.266908e-14
2.447389e-5; 1.310598e-14
2.447529e-5; 1.261926e-14
2.447647e-5; 1.069659e-14
2.447727e-5; 1.167942e-14
2.447901e-5; 1.303998e-14
2.448178e-5; 1.060372e-14
2.448179e-5; 1.152467e-14
2.448504e-5; 1.250101e-14
2.448733e-5; 1.216592e-14
2.448984e-5; 1.268392e-14
2.449102e-5; 1.204430e-14
2.449455e-5; 1.258748e-14
2.449864e-5; 1.222367e-14
2.450211e-5; 1.230203e-14
2.450636e-5; 1.235654e-14
2.450891e-5; 1.420888e-14
2.451003e-5; 1.255397e-14
2.451142e-5; 1.206312e-14
2.451517e-5; 1.262057e-14
2.451651e-5; 1.437256e-14
2.451920e-5; 1.289009e-14
2.452247e-5; 1.307861e-14
2.452254e-5; 9.224378e-15
2.452396e-5; 1.068041e-14
2.452536e-5; 1.204829e-14
2.452728e-5; 1.246690e-14
2.452876e-5; 1.419881e-14
2.453023e-5; 1.274748e-14
2.453221e-5; 1.216689e-14
2.453355e-5; 1.426397e-14
2.453405e-5; 1.327793e-14
2.453581e-5; 1.244230e-14
2.453639e-5; 1.411194e-14
2.453937e-5; 1.230799e-14
2.454333e-5; 1.231470e-14
2.454473e-5; 1.480694e-14
2.454585e-5; 1.329145e-14
2.454808e-5; 1.242058e-14
2.455017e-5; 1.339521e-14
2.455187e-5; 1.257261e-14
2.455366e-5; 1.359068e-14
2.455558e-5; 1.254818e-14
2.455789e-5; 1.368997e-14
2.455875e-5; 1.238684e-14
2.456017e-5; 1.252887e-14
2.456348e-5; 1.293670e-14
2.456437e-5; 1.397438e-14
2.456585e-5; 1.628383e-14
2.456585e-5; 1.532820e-14
2.456609e-5; 1.713811e-14
2.456621e-5; 1.932448e-14
2.456621e-5; 1.836884e-14
2.456679e-5; 2.992260e-14
2.456755e-5; 1
