# ORGAN-Q 2024
# arXiv:2407.18586
# mass [eV]  photonCoupling [GeV^-1]
25.45264e-6 5.171131e-13
25.45277e-6 5.541546e-13
25.45315e-6 4.793173e-13
25.45353e-6 4.518073e-13
25.45366e-6 4.244483e-13
25.45429e-6 3.921063e-13
25.45521e-6 3.609173e-13
25.45582e-6 3.337299e-13
25.45683e-6 3.135211e-13
25.45810e-6 2.898910e-13
25.46013e-6 2.724588e-13
25.46394e-6 2.543088e-13
25.46953e-6 2.463008e-13
25.47512e-6 2.387197e-13
25.48071e-6 2.362834e-13
25.48604e-6 2.470418e-13
25.48985e-6 2.637084e-13
25.49391e-6 2.725087e-13
25.49950e-6 2.568683e-13
25.50509e-6 2.534407e-13
25.51068e-6 2.527607e-13
25.51525e-6 2.354604e-13
25.51982e-6 2.243053e-13
25.52541e-6 2.249637e-13
25.53100e-6 2.251286e-13
25.53658e-6 2.230488e-13
25.54217e-6 2.233759e-13
25.54776e-6 2.273943e-13
25.55258e-6 2.400572e-13
25.55741e-6 2.495708e-13
25.56300e-6 2.414169e-13
25.56757e-6 2.458972e-13
25.57036e-6 2.634606e-13
25.57227e-6 2.827122e-13
25.57597e-6 2.973033e-13
25.57900e-6 2.717886e-13
25.58103e-6 2.561322e-13
25.58306e-6 2.406222e-13
25.58687e-6 2.247989e-13
25.59246e-6 2.235396e-13
25.59703e-6 2.349188e-13
25.60160e-6 2.434301e-13
25.60719e-6 2.440254e-13
25.61278e-6 2.458200e-13
25.61837e-6 2.510994e-13
25.62395e-6 2.542467e-13
25.62929e-6 2.603994e-13
25.63462e-6 2.695958e-13
25.63945e-6 2.780979e-13
25.64427e-6 2.935126e-13
25.64986e-6 2.820569e-13
25.65545e-6 2.692010e-13
25.66104e-6 2.682821e-13
25.66662e-6 2.610426e-13
25.67221e-6 2.627056e-13
25.67780e-6 2.659984e-13
25.68339e-6 2.645083e-13
25.68898e-6 2.684787e-13
25.69456e-6 2.712470e-13
25.70015e-6 2.810941e-13
25.70574e-6 2.803399e-13
25.71133e-6 2.797243e-13
25.71691e-6 2.883962e-13
25.72250e-6 2.875521e-13
25.72809e-6 2.870609e-13
25.73317e-6 3.002397e-13
25.73825e-6 3.166765e-13
25.74257e-6 3.072668e-13
25.74688e-6 2.967564e-13
25.75069e-6 3.083005e-13
25.75247e-6 3.296456e-13
25.75603e-6 3.490915e-13
25.76085e-6 3.427026e-13
25.76365e-6 3.203327e-13
25.76517e-6 3.008677e-13
25.76695e-6 2.830922e-13
25.76974e-6 2.634859e-13
25.77432e-6 2.572450e-13
25.77863e-6 2.716669e-13
25.78143e-6 2.875381e-13
25.78549e-6 3.007698e-13
25.79082e-6 3.102531e-13
25.79489e-6 3.239388e-13
25.79838e-6 3.472207e-13
25.80032e-6 3.587903e-13
25.80412e-6 3.368075e-13
25.80970e-6 3.338046e-13
25.81373e-6 3.336851e-13
25.81546e-6 3.125119e-13
25.81749e-6 2.884666e-13
25.81927e-6 2.704532e-13
25.82257e-6 2.515290e-13
25.82714e-6 2.418300e-13
25.83273e-6 2.421847e-13
25.83832e-6 2.441446e-13
25.84391e-6 2.440850e-13
25.84848e-6 2.521090e-13
25.85127e-6 2.666652e-13
25.85366e-6 2.844645e-13
25.85620e-6 3.022721e-13
25.85820e-6 3.130401e-13
25.86143e-6 2.861509e-13
25.86397e-6 2.657711e-13
25.86651e-6 2.502932e-13
25.87083e-6 2.404753e-13
25.87642e-6 2.424806e-13
25.88201e-6 2.447416e-13
25.88759e-6 2.457600e-13
25.89318e-6 2.466620e-13
25.89826e-6 2.513789e-13
25.90334e-6 2.657387e-13
25.90817e-6 2.614334e-13
25.91299e-6 2.488404e-13
25.91858e-6 2.514676e-13
25.92417e-6 2.538124e-13
25.92950e-6 2.593521e-13
25.93357e-6 2.749713e-13
25.93534e-6 2.948923e-13
25.93707e-6 3.167383e-13
25.93831e-6 3.469099e-13
25.94169e-6 3.855772e-13
25.94174e-6 3.646699e-13
25.94474e-6 3.435092e-13
25.94499e-6 3.229250e-13
25.94652e-6 2.998456e-13
25.94847e-6 2.765767e-13
25.95261e-6 2.575593e-13
25.95693e-6 2.694861e-13
25.95947e-6 2.892427e-13
25.96155e-6 3.071843e-13
25.96531e-6 3.218227e-13
25.96912e-6 2.935485e-13
25.97141e-6 2.758840e-13
25.97484e-6 2.571665e-13
25.97918e-6 2.479062e-13
25.98436e-6 2.471746e-13
25.98893e-6 2.636376e-13
25.99361e-6 2.799909e-13
25.99822e-6 2.841929e-13
26.00290e-6 2.807358e-13
26.00697e-6 2.614710e-13
26.01154e-6 2.475673e-13
26.01713e-6 2.420073e-13
26.02271e-6 2.437276e-13
26.02830e-6 2.435490e-13
26.03389e-6 2.448612e-13
26.03948e-6 2.470841e-13
26.04507e-6 2.521441e-13
26.05065e-6 2.549930e-13
26.05624e-6 2.527607e-13
26.06107e-6 2.451081e-13
26.06589e-6 2.383120e-13
26.07148e-6 2.490912e-13
26.07366e-6 2.509505e-13
26.07910e-6 2.424806e-13
26.08306e-6 2.523413e-13
26.08545e-6 2.692448e-13
26.08977e-6 2.762616e-13
26.09536e-6 2.509155e-13
26.10094e-6 2.506704e-13
26.10602e-6 2.638344e-13
26.10932e-6 2.748482e-13
26.11313e-6 2.861509e-13
26.11694e-6 2.663072e-13
26.12075e-6 2.536885e-13
26.12456e-6 2.632837e-13
26.12660e-6 2.810083e-13
26.12922e-6 3.008677e-13
26.13104e-6 3.166958e-13
26.13345e-6 3.350454e-13
26.13802e-6 3.488358e-13
26.14361e-6 3.485803e-13
26.14920e-6 3.382640e-13
26.15479e-6 3.384292e-13
26.15961e-6 3.402942e-13
26.16292e-6 3.224049e-13
26.16571e-6 3.008677e-13
26.16901e-6 2.830922e-13
26.17358e-6 2.744458e-13
26.17917e-6 2.797927e-13
26.18476e-6 2.846870e-13
26.19035e-6 2.865706e-13
26.19593e-6 2.752513e-13
26.20152e-6 2.788376e-13
26.20711e-6 2.944461e-13
26.21270e-6 2.842701e-13
26.21778e-6 2.870064e-13
26.22082e-6 3.057571e-13
26.22349e-6 3.249921e-13
26.22726e-6 3.543676e-13
26.23302e-6 3.557189e-13
26.23860e-6 3.510581e-13
26.24419e-6 3.460354e-13
26.24978e-6 3.436770e-13
26.25511e-6 3.472207e-13
26.25852e-6 3.669796e-13
26.26024e-6 3.971424e-13
26.26156e-6 4.314039e-13
26.26197e-6 4.682855e-13
26.26273e-6 5.082747e-13
26.26360e-6 5.568410e-13
26.26451e-6 6.026898e-13
26.26476e-6 6.441284e-13
26.26515e-6 6.751366e-13
